5,1.71764745575140,3.36148963433361,4.53821836070801
8,1.34757788576870,2.52519132039435,3.44600387721085
21,0.786705969910959,1.77336099318329,3.14330696230771
24,0.288152079461382,1.39973827662377,2.25439223710906
28,1.32168325950386,2.37106105375184,3.26853003284201
33,1.13073290409023,1.59750348976214,2.65102641976993
37,1.15865581659736,2.42923897937575,3.31079765174876
41,0.700114621700099,1.09193642517707,1.82422739120460
44,0.848741434607339,1.47191421679501,2.14730903063224
57,0.381706776402480,1.49742123810478,1.90725632671589
60,0.471115889890289,1.48749129810192,1.93727224179399
73,0.268085225670098,1.14953762974215,1.96848910737308
76,1.07545680747985,1.56410783957266,2.42864955570835
85,0.605465579820008,1.41023665503944,2.44847361420452
89,0.473235288716225,1.15271920491317,1.59166226339994,1.98504545601412
93,1.11126747221218,1.67020618689259,2.72853911868049
97,0.448411823166464,1.49353942282979,1.88462128498370
109,0.237763300754083,1.17859530157261,1.72930680050643
124,0.554335097290176,1.23667453362531,1.97423644765203
136,0.576235572017178,1.37873809785233,1.70668594014555
137,0.949470535466391,1.35406085965696,1.84184638885491
141,0.195595211175748,1.04991224974995,1.28530512062360
145,0.811833005536253,1.44654010185350
149,1.13216744204971,1.22424539090652,1.81824721916485
161,0.656026711525036,1.19070824383578,1.68346091279778,1.89808315309591
177,0.421021311910512,0.964576447641976,1.67992641718096
184,0.0559345558820329,0.764367489271011,1.34591688244737
188,0.826732415621487,1.36500983729771,1.84404732971721
193,0.716213077428440,1.28166100137876
197,0.185611269356775,0.932826338856122,1.59114723916234
201,0.661376545984404,1.32496547210278,1.52895190900766
213,0.296499268959526,1.05258557136280,1.68084522923945
229,0.127764441970587,1.10653066348384,1.43681457994232
232,0.616626969700554,1.39706242632199,2.05392575449079
236,0.308051327065422,1.02494131991265,1.40560508037126
241,0.546847777916234,1.06667796836506,1.67264733504270
249,0.161794522422560,0.985092729014116,1.23001487231260
253,0.321013143657733,1.20671055218214,1.85174274518881
265,0.144420826223704,1.03844152881078,1.25797594844433
268,1.08416489433747,1.45659695239484,2.08607505126683
280,0.524647727148436,1.13158664132178,1.57661540401671
281,0.518849678813353,1.23092880842819,1.50037350439924,1.73432032230405
284,0.429995295961007,0.883954480232237,1.39139811871293
293,0.827566251448071,1.25878495402058,1.69110637127989
301,0.129661859153215,0.543478193824933,1.31499012997606
305,0.0945756825484735,0.640881833558148,1.39812206415836,1.49666406696650
317,0.522728034447851,1.09591728971606,1.42165417526670
332,0.660328767364070,1.40005320108620,1.67042247003842
344,0.927675117825108,1.14178311310768,1.54659288800797
345,0.567812424477382,1.18057042469580,1.45037765655883
349,0.748667467799917,1.30491663868447,1.64961525971644
353,0.201324023589487,0.825611897113589,1.45668772137418
357,0.657819310968167,0.975945619410253,1.81277181718981
385,0.152589406911203,0.689108326105057,1.57712166575281,1.89586867229491
397,0.356850953926149,1.03225780311964,1.63407686466066
401,0.177504909224436,0.973113497382559,1.24192214729451
408,0.184770184236214,0.935607320644513,1.66527648883186,1.80130426162482
409,0.386881463442333,1.06972977700686
421,0.191794113202914,0.909843263891568,1.42676267641983
424,0.117450982902087,0.875913492466829,1.49902879837169
437,0.514990587878685,0.922724097911255,1.56145294444476,1.97472329939812
440,0.202354433368483,0.993614401220894,1.21446555086464
444,0.838394086587347,1.34278735111615,1.63060283995731
449,0.266056887567591,0.608761800530639,1.11068078698468
453,0.743160091451747,1.21558714947874,1.86086198658892
457,0.533011091613217,1.31828609174327,1.72676353006789
460,0.0358357077069800,0.843053551388306,1.52050507797833,1.76116180715939
461,0.0867229726517635,0.577449663873537,1.32902048907726,1.47215678702219
473,0.458242736695452,0.946931195482762,1.45206779080132
476,0.506194209404844,0.967450376258231,1.43840411012482
488,0.625728656575384,1.17857268553137,1.66501648213085
489,0.396493317521293,0.884637469051172,1.46665191963423
492,0.904933543646342,1.11124178950700,1.75453366487431
501,0.629460052488241,1.01712644391209,1.56937325917920
505,0.599428454168345,1.18349177022098,1.70767905135727,1.99085839709626
509,0.289267701900431,1.00969139806158,1.17728100639887
541,0.264528694745261,0.625594242422673,1.51645638780358,1.72468346397672
552,0.445600600009201,1.20885356752419,1.46482132178975
553,0.441843442696477,0.858469992396665,1.55380330146861,1.90988908771554
557,0.0173279367371386,0.871437724284360,1.31970860924866
561,0.182152612257535,0.846658482672558,1.13848761359364,1.39975631429261
565,0.343456484187652,1.07642168171041,1.38801899198843
577,0.149941022165107,0.746803047988938,1.41401160557571
593,0.480209213634584,1.05364169685414,1.32019141639460
604,0.562926938184837,1.00557654859030,1.30099209997468
609,0.0937128076506823,0.763664155561942,1.18271277257386
613,0.443028585189974,1.33505776127407,1.65340946108291
616,0.221276067651591,0.774672866036113,1.27945748904110
617,0.729095933268496,0.985440305178084,1.62854203652029,1.91145949774827
629,0.601909332089049,0.971626875133734,1.30824055850636
632,0.304685225243915,1.05709950015703,1.44124362584463
645,0.296992190216594,0.961013685555613,1.30704122832639
652,0.459722626376984,1.14352475244390,1.71131116127527
661,0.0576220904870620,0.459432878444012,1.26807603249174
665,0.141950593660174,0.970653898532870,1.22218485549800
668,0.504497027983715,0.809508321139074,1.46222636932542
669,0.521210354157106,1.13283439285710,1.25995830656564
681,0.256266102595193,0.876449318463916,1.45909266720517
696,0.647816412632547,1.04341463356758,1.37564364969260
697,0.196983022227666,0.626330718049711,1.45163706616918
709,0.321841050926915,0.906292047481391,1.55561142249137,1.89378141803015
713,0.236960666898558,0.810543255358276,1.20539310581080
717,0.165530031095318,0.498196796342741,1.30097568748554
721,0.450589376694908,0.878325706701511,1.47682574285305
733,0.758233507885254,1.47686490183829,1.66599610546657
748,0.113042187306185,0.946525548162192,1.63462274908808,1.80849068542680
749,0.611175409924294,0.959271806415283,1.32682745753562
760,0.435176312757029,0.821344491879802,1.47479937435913
761,0.0223222197430528,0.760245674962478,1.10591816409837,1.27938724130915
769,0.504435561272811,1.21267926041506,1.52639399912913,1.93145416176030
773,0.718293265633207,1.17293884176643,1.34666398747402
785,0.0463437821462249,0.218722601369648,0.973924099140166
808,0.534031647991429,1.14790098805233,1.54426685635609
812,0.448437169658173,1.26334709977800,1.47581614921377
813,0.598981948443272,0.949626765393606,1.33577478228459
817,0.663545170731272,1.01254881066190,1.51797045539871
821,0.238884554427051,0.852204610004059,1.09276307742462
824,0.459138485936601,1.02166558924717,1.31648016414099
840,0.218683642929235,0.866064722743884,1.21834730501942
853,0.0877771093456201,0.647117997716136,1.22664148663182
856,0.405164726430108,1.32365602331527,1.44428295323028
860,0.172267076207004,0.789696815671563,1.17360548523981
865,0.138953515921272,1.12828628456356,1.32429996456839
869,0.344733210427515,0.670252327771372,1.34638788081819
876,0.424352410862310,0.830090699380961,1.26777983273393
877,0.469423141479623,0.711986920910977,1.52282661605001,1.90668712934033
889,0.296406258356718,0.791474730700327,1.16000928385990,1.49724362938417
892,0.112501972906554,0.717997981327886,1.30567284972860
904,0.325422135592061,0.905732764959999,1.46372093365000
905,0.570347124056119,0.813830490193474,1.41708559681135
908,0.0109779987777576,0.828427859777874,1.24185473375598
917,0.483772052987315,1.25849029057374,1.42480319877573
921,0.254458015999997,0.690035165741983,0.990601191905479
929,0.0445531572801381,0.654446193810143,1.13347482713759,1.30858870792499
941,0.388196653592742,0.977592269637298,1.42438790991756
956,0.0853918413096521,0.543589404723550,1.10423839034949,1.42146697487837
957,0.823333524044089,1.34599427811470
969,0.0455060501381804,0.609785706232881,0.850874539537991
973,0.510717717602425,1.15139852165397,1.53686779302491
977,0.123395334250171,0.740356425461855,1.38789940414300,1.47389146516330
993,0.210175298219402,0.696813408890866,1.30981353695213
1009,0.179048906739086,0.812344589211494,1.14235818563065
1016,0.246192943422513,0.721163040259390,1.24253862165197
1020,0.437773723787323,1.01186258241464,1.38658620754236
1021,0.499792714481061,0.788692201407439,1.45761319712312
1032,0.104975337214847,0.891873795096137,1.23659175523050
1033,0.192437830855505,1.02955971597081,1.30230964406157
1045,0.785197357845049,1.23901854773643,1.71426337570508
1048,0.104204068050450,0.677115237409880,1.19302753470502
1061,0.583747188337856,0.812031573986083,1.24030950564420
1064,0.181041094056212,0.831648455922199,1.23086673070347,1.40432987406528
1068,0.466657177749908,1.23037204466027,1.65036722404044,1.95073385383764
1073,0.598097499041604,1.11553468435346,1.41316055365303
1077,0.757986979742621,1.06642260642498,1.47590609073332
1081,0.228339139119117,0.457785201618260,0.908218696399644
1084,0.394547281626613,0.493927365242913,1.26241242316811
1085,0.0499516250757062,0.581583734424727,0.955497493676817
1097,0.506516950301356,0.784799046002854,1.29870927124422
1112,0.544105713842258,1.11985213380244,1.28605610760063
1113,0.297868681753962,0.744813417975459,1.26271402580778
1129,0.190533994198614,0.618705975054296,0.803858738940785
1133,0.287789028725629,0.616868429200404,1.11660514325115
1137,0.464391178811640,1.01163435983353,1.31305185655282
1149,0.146170287149599,0.771096581758643,1.36204078862088
1164,0.0223036322613937,0.242809830163177,1.13103390732440,1.41225964000655
1165,0.0420436919773043,0.601313775137065,1.40222262799932
1177,0.401120881037798,0.778555198891643,1.38432008861942
1181,0.312489249538461,0.871292643098896,1.01959195827453,1.48778612575002
1185,0.629675121560640,1.15190592915382,1.35955497019633
1189,0.234741925466763,1.03553536080542,1.18916783925210
1201,0.102740094336837,0.642499307959454,1.25962758130117,1.48888816594419
1217,0.293799406827039,1.00382828644844,1.19755032155659
1228,0.441777171130508,0.722152781602130,1.39279922010215
1229,0.0299156984988091,0.581541683507702,0.988228896141749
1237,0.659494055254658,0.968168981604030,1.41676297175381
1240,0.617727725596573,1.37571146092889,1.61769541678741
1241,0.637914113759982,1.12380777995765,1.32779529438560
1253,0.248016854485770,0.864045408918383,1.38877077193643
1256,0.389554247907602,0.985342033332271,1.25384684085554
1272,0.524222754975967,1.17496505292550,1.53593454371791,1.95099844154152
1276,0.497286785241955,1.15065881358853,1.51091290493453,1.69091445891654
1281,0.232771526797670,0.330363881509390,0.905468666867801
1285,0.510372459733561,1.01578664843973,1.55480685222722,1.85220986512770
1289,0.126640054644503,0.868875319758048,1.07977444047631,1.43785178436001
1292,0.368282311601570,0.945559128648135,1.19084370050213
1293,0.273133520652660,1.11005360370008,1.28159348312686
1308,0.0589727747480840,0.787683799499012,1.31557905815438
1320,0.550531717746854,0.833314606187726,1.35891790035193
1321,0.131048500220779,0.748440423156835,1.14476862910747
1324,0.0131411641002331,0.568363256875691,1.00325367464496,1.40547015389220
1333,0.145496696035951,0.902567390339235,1.32723199151317
1337,0.265693345092531,0.544450806993867,1.16455484963692
1345,0.206155706072925,1.00998493682795,1.24117446833683
1357,0.123442765066957,0.569769633304323,1.28840506658362
1373,0.400201170426310,0.818591817711023,1.29556114971863
1384,0.243273467942944,0.898561679418623,1.20611446042120
1385,0.459094344452954,1.11763756443905,1.41740538828889
1389,0.243620459905835,0.553740860293102,1.00041756433606
1393,0.0349248483330115,0.355112772027245,1.01861914604923,1.47463978856071
1397,0.540212192589896,1.05584675624159,1.43756069363428
1409,0.590398964404748,1.00158531869633,1.15589350921097,1.35151478851830
1432,0.490784654569939,0.982663948887407,1.50200084683159,1.90618714456037
1436,0.594230962724896,1.08171478490640,1.39775305965814
1437,0.357635556909466,0.958025032071373,1.44442251901685
1441,0.516262345421096,1.09397395483093,1.42125427011718
1448,0.191816968417143,0.900259929843478,1.41331204621366
1461,0.416084965642517,0.675296708320377,1.29139189860521,1.49949747301987
1464,0.246414944049529,0.885772311791614,1.17790091418736
1477,0.00668891679797484,0.681212253862872,1.16571094506254
1480,0.524146340284883,0.985370160171488,1.48093571187145
1484,0.412822975950339,0.669362348084210,1.07161178671113,1.40949109510733
1489,0.344436295348950,1.02048185395152,1.12338801702141
1493,0.0796324646235931,0.600257749202592,1.19249067271644
1497,0.654408169943865,1.03863052118028,1.40707110107865
1501,0.526899234816916,0.680606403101135,1.33811139324030
1513,0.0975798131183157,0.736203917038501,1.09324102828931
1516,0.278695509147554,0.576927050415129,1.17415545211606
1528,0.265129713804445,0.830204793886150,1.44309584577092
1529,0.505312790479104,0.815792542504658,1.31662685028873
1532,0.802598243025605,1.20961587727684,1.37914053134507
1541,0.123221894424425,0.564531009100262,0.893037184199495
1545,0.0457865473756260,0.629993245251013,1.10982219628314,1.35584942657998
1549,0.0902161759106845,0.536600777600519,0.876796649608187
1553,0.621705500292396,0.903851658011283,1.40342817084682
1565,0.385459434362880,0.852046928745132,1.25888657923447
1580,0.715394579683105,0.997392496094451,1.22616567911894
1581,0.189416126117090,0.897100137024176,1.20878929802487,1.46419898126598
1592,0.505676113529489,0.959584173456484,1.48624165528245
1597,0.0170355731780490,0.169755190815526,1.13877489976871
1601,0.231361083791951,0.623543236063699,1.20522983553009
1605,0.416340775397811,0.820008646892525,1.29483245174856
1633,0.778493183091201,1.06018620041022,1.55242324057461,1.94595932644463
1640,0.727648971007388,1.24580630422349,1.55908466015857,1.71020365684850
1644,0.453762608544581,0.922991893863338,1.35515753981686
1645,0.177516336500989,0.843888872804131,1.30411607246353
1649,0.308984946470980,0.739313293338295,1.01855129471411,1.47846438949213
1653,0.639163038586317,1.10702664333158,1.44180603246666
1657,0.200003453312808,0.762896136329693,1.35673708042353
1669,0.126316918856506,0.811414527948616,0.939644852283226
1672,0.0651093989283952,0.705316503769820,0.979484432876315
1685,0.375335852936713,0.956205510848412,1.10408473990627
1688,0.0568802796105174,0.645369335465897,1.24105701097090,1.38121034954046
1697,0.558598504758136,0.911543784961452,1.30791650111652
1705,0.0423327013799459,0.513627709761312,1.01093580366068,1.27748902282057
1708,0.0553406548741106,0.586708864522273,1.14577331597698
1709,0.683000659089112,1.05456181099081,1.29459852069304
1721,0.249644388396624,0.953153556367617,1.27063602392963
1724,0.276875675985613,0.867840433575998,1.35968741164931,1.48924276703497
1736,0.603686615875876,0.954255569100279,1.49132025259885
1740,0.0231101307441019,0.493962277454455,1.12960357871070,1.45473638971208
1749,0.564055354034604,0.880621876051351,1.28378585506407
1753,0.243852652805005,1.18409570619069,1.41328066852526
1757,0.126302825752117,0.787359943121522,0.909710853267328
1761,0.0829493454929933,0.550874906691092,0.758694902374206
1788,0.363916879795401,0.904312815774143,1.26352199825464
1789,0.163919536489318,0.711645287797438,1.09663879361844
1801,0.396549219253584,0.847556370087317,1.25958008633576
1841,0.539990687559042,0.667436255200320,1.16545410678977
1848,0.0657642006856025,0.491353158586584,1.01445818184083,1.49360218130304
1852,0.134527600208315,0.884273803665453,1.26515360610873
1853,0.481363083541517,1.05383459177415,1.27427716681056
1857,0.730363208875824,1.08936629198478,1.31681859584538
1861,0.526125329256187,1.14705555602895,1.28770948034774
1864,0.172445868894863,0.821201414651448,0.874148508500480
1865,0.160733530353987,0.556327146024982,0.749054105241117
1877,0.371203648017712,0.819113637214135,1.26978459700599
1880,0.325226736873124,0.938081828825413,1.13895397580111
1893,0.227948113786732,0.667083888972882,1.21563824625405
1896,0.0334807632421443,0.659512917306892,1.15865010391296,1.25437344045480
1905,0.292694102335902,0.931909655630900,1.33597257037468
1909,0.362121577295919,1.04278527625911,1.36737906144710
1913,0.159128448667952,0.783245254365637,1.08372132472114,1.32428420944588
1916,0.322277485237756,0.794745705250195,1.29310824245054
1929,0.371824703798261,0.763497329736797,1.10298044597022
1932,0.226761776934928,0.655382372613787,1.19406681192662
1945,0.214505668790316,0.533902814881117,1.07800794708073,1.49052944616286
1948,0.0359969111856138,0.403188286471965,0.815051456559482
1957,0.224393145637595,0.986703260535072,1.13197046431989
1961,0.294041258865562,0.623342677552265,1.20459047766011,1.32936193058782
1965,0.686940987984157,0.967951081841361,1.47996803743988
1969,0.416600832685346,0.678835741241469,1.30144716192581
1981,0.155864451085345,0.651538043895710,1.16529858482349,1.44699940482588
1996,0.385927553724938,0.726566431737280,1.22947207272237
1997,0.307535137937952,0.888833486212170,1.27971807467571
2008,0.144684969078687,0.902434158055639,1.28999071236035
2013,0.117672854355702,0.476671254596350,1.00797998553292,1.35381985534943
2017,0.493452576439289,0.924009823784828,1.36617641246783
2021,0.615941364631229,0.936592051305607,1.41137365188726
2033,0.441771518300135,0.736907247609844,1.21437571524833,1.48038021486252
2049,0.265135246299368,0.783644610708762,1.05967130674411
2056,0.563482841169894,0.971577220024758,1.34470789084170
2060,0.637941296983350,0.947027850709256,1.39601347725444,1.47502568274911
2065,0.623769230778477,0.828439350496531,1.40698735055584
2069,0.171234082816239,0.729315409126038,1.13314872620779,1.37342210359786
2072,0.396680969024314,0.735398823269634,1.24927180916175
2073,0.420510221319336,0.922747152102988,1.20227216554727
2085,0.0346715556001457,0.826733973653326,1.12015686284114,1.47139916457862
2101,0.185260157035906,0.615071010449497,1.05360621585483
2104,0.0440768720158116,0.332848542302988,1.12485059806776,1.33798678688520
2108,0.838252302212694,1.03714225584379,1.40423830914919
2113,0.255265161796631,0.761536191610165,1.33439996113498
2117,0.129055403387442,0.726947979390980,0.984975943802863
2121,0.0952192291917620,0.715534031194396,0.960914682779135
2137,0.233044607514606,0.391702455344073,1.25025437879002
2140,0.0562897515331546,0.683463524313730,1.07000009820343
2152,0.288337732635149,0.631852968514351,1.31040482377576
2153,0.211948638071611,0.958678435490379,1.17004508400552
2165,0.0749810727689834,0.533495410331219,0.830777558071738
2173,0.495435236779653,0.795322643275695,1.55852265299793,1.79173526241872
2177,0.604874490587455,0.809642777327707,1.52016933691032,1.67424805007889,1.88540829974706
2189,0.203144179801244,0.970729126242263,1.23324665300363,1.44356439368982
2204,0.0567804364719499,0.527791923258103,0.942445359688996
2216,0.170721952071604,0.571881564084428,0.803104463362380
2217,0.486344010535137,0.862995001402747,1.18186669267385
2221,0.612318948662318,0.854232788227483,1.34793540416589
2229,0.416200874911552,0.937218547022825,1.38846480153872
2257,0.665075461438650,1.09744184080739,1.43145150786514
2264,0.237135969401215,0.668950814733027,1.19795701341249,1.33622729508216
2269,0.292139746893883,0.951311836082837,1.26384164238509,1.42856729757994
2273,0.0639239748371349,0.741122675135840,1.05874988318747,1.41485317803948
2280,0.208723689496007,0.592389618078650,1.18402407991897
2281,0.332592804219861,0.879547667925620,1.07615597309244
2293,0.293259870121310,0.452894572873300,1.13443254691676,1.45885323615254
2296,0.0713596477323583,0.517252480077434,1.28660132273913
2309,0.544779560626650,0.694076272202769,1.28620334895623,1.32208261180572
2316,0.182206365306652,0.451244066460163,1.10408629859987,1.41323164211242
2321,0.00935684746286035,0.637209213198484,0.972344334147148
2329,0.0726536921305956,0.544798265055234,0.819285066636032
2332,0.123477375200809,0.611766437430134,0.989124213092364
2333,0.403684547115605,1.12145453525460,1.30744887900924
2345,0.200126931719113,0.967204861353252,1.18718249853706,1.46417306106260
2348,0.230968106362700,0.883851028051386,1.17273956326957
2360,0.445432588788958,0.928682874226053,1.42927030971834
2361,0.270606035749880,0.849455451044495,1.12989564470878,1.47581792194084
2364,0.0932465827065382,0.781117057620130,0.948248364990320
2373,0.345615009328025,0.802519145168273,1.27689831696165
2377,0.0919716545170301,0.381687497163629,0.995549549861970
2381,0.194677392270725,0.795835612941583,0.940685060381875
2397,0.196666326544733,0.653399996587611,1.25747030129649,1.49301196273031
2413,0.0498731319729181,0.500555318752878,1.21897210663635
2424,0.0164803798635106,0.478373005752921,0.680606939301797
2429,0.125185472864010,0.615593419092479,1.11586201140350
2433,0.752600320325816,0.820902342808946
2437,0.802856251134085,1.38314119905475,1.55653405701052
2449,0.157912361460175,0.688764005651029,1.02745035723100
2465,0.318344009634528,0.821411426528675,1.12207389232375
2472,0.582741152274028,0.985782304715447,1.32879142418252
2476,0.202640963066878,0.722482691377690,1.29747599074900
2477,0.493537464568519,0.991228831900602,1.26981560105189
2481,0.233251700757878,0.361951156174451,1.14138255156563,1.47207143353605
2485,0.0419640260312862,0.349612814808430,1.00418076339000,1.26106016697683
2488,0.743163733224133,1.11601453294762,1.29536848945626
2489,0.102331985960629,0.518428817579841,0.948682349630477
2501,0.361404449167598,0.926933113646574,1.17542186867261,1.49262431221456
2504,0.518691954546712,0.736750123189230,1.15883888908276,1.47505640845199
2517,0.743614523596391,1.23330708225139,1.49766408408629
2524,0.321738975973385,1.02579167168544,1.42190408676420
2533,0.388144213711117,0.797911220125940,1.49553559419000
2537,0.119422735651371,0.707817314971070,1.07137153932104,1.45175793887866
2540,0.210406238608006,0.792620131176858,1.27356169648792,1.46390593783392
2553,0.793953126506833,1.01771772168659
2568,0.300179110069779,0.926367463297889,1.28295754413423
2569,0.114870700940868,0.781554406006027,1.05166213035373,1.29945316646369
2572,0.262980604283663,0.881745965568584,1.52692256950396,1.76037227542389
2581,0.163356098579752,0.761890274330729,1.33602623250583
2585,0.131332702230111,0.716969744108758,1.01344756920387,1.39212581668824
2589,0.111526484593218,0.648654523085832,0.853865824039929
2593,0.114986646705275,0.788913494168552,1.32145287948637
2605,0.00631341956190979,0.664535997898809,1.04682474709350
2620,0.124518740788230,0.771819087808454,1.32554876217938
2621,0.325245349621029,0.797324551077315,1.18168687292845
2632,0.154756630837747,0.678770052837326,1.32526861759941
2633,0.0849011190337375,0.218296949961354,1.02732314065176,1.37207423588230
2641,0.115030587305043,0.401382000607994,0.915036737461978
2657,0.299268312621558,0.889527002415971,1.05176339769590,1.48445149758348
2680,0.0519037007384214,0.369474735512450,0.889076559434046
2684,0.663775794282979,0.904019272774197,1.29162292044806
2685,0.324025028422270,0.956274388151032,1.26677127046681
2689,0.102220260958210,0.493256771183708,0.873996011474210
2693,0.105955115829266,0.642041517691442,1.05017973789376,1.41821088497436
2696,0.282535764990023,0.778767855929517,1.26784892219195
2697,0.415641306072745,0.799458823075210,1.19533410253308
2712,0.0432393830905198,0.856957660966089,1.14721735339922,1.35151067970880
2728,0.365980830959552,1.04549014071065,1.29742277108778
2732,0.143155772988555,0.630048729411501,0.964283009998844
2737,0.123137587573044,0.946270925409111,1.07900603385446
2741,0.351089906459465,0.586933807842342,1.05920195655466,1.48765638005675
2748,0.0303842680882806,0.855031719739246,1.07876818943759,1.40923654221236
2749,0.279962033127311,0.815922921400908,1.11976533386100
2761,0.195501111759399,0.522597712442003,1.10940630305576,1.41487565819363
2764,0.178049648384357,0.633510158682743,1.14125482867467,1.31133712373754
2776,0.456167180591423,0.702186015464964,1.21599215913074,1.36581470762195
2777,0.297083317233021,0.812907517021250,1.14859498576878
2780,0.0285650141962381,0.628262913175419,1.12503228546047
2789,0.0360807500918900,0.648159679709639,0.788475157209856
2797,0.357848979562491,0.902981771396521,1.54169530461063,1.79724187165996
2801,0.154371693422615,0.600132207573700,0.962853386206889
2813,0.161600793207662,0.859299642332255,1.29027937989220,1.47975231959390
2828,0.468239524980743,0.885418219656093,1.40581231854402
2829,0.282808302121992,0.680433796192802,1.09140431343728
2840,0.481259341128065,1.06641948892084,1.29578321323437
2841,0.512509745317965,0.862030586795908,1.20861229395519,1.42883924417915
2845,0.486393307366350,0.851107584772426,1.29614625216670
2849,0.227784344157328,0.643659703796706,1.05452366647467,1.44027662131251
2865,0.347953820470930,0.673079096726858,1.08699193325228,1.48946842210964
2881,0.196612826261215,0.653538868201333,1.08258939710522,1.29516523336366
2892,0.271761635850915,0.811480047793469,1.43940746224182
2893,0.0957805577697836,0.793193070790588,1.23654522750983
2897,0.110997095884739,0.618504206931289,1.08622164776643,1.40827105191358
2901,0.167412555165987,0.463580718798036,1.05823120234918,1.31857615270045
2905,0.229423115718229,0.673337821633131,1.34376102470278
2917,0.201259719149801,0.429305481448891,1.05158412863059
2920,0.0561453017102877,0.626349282879105,1.10233785741311,1.43354475256733
2933,0.163128761600732,0.941075338103984,1.19038564799496,1.40812592697311
2936,0.122447815534942,0.685398213181615,1.09344163166313,1.37704670240014
2945,0.637318821803150,0.828500554292473,1.36804491202724,1.47719350933078
2949,0.643144998824393,1.05285859038417,1.37817506493482
2953,0.428939984320725,1.02957986372697,1.18721221161635
2956,0.151596915098365,0.667285949055346,1.07783902468482,1.33118778278052
2957,0.581110055531765,0.956438066232949,1.16203339848576
2969,0.485283507473603,0.836205428441984,0.995207458126766
2972,0.345932663706855,0.714954888511088,1.23086154492320
2984,0.362200052309907,1.08787483521266,1.28581741026183
2985,0.329288899166464,0.683378772883488,1.10671981468585,1.26393715964618
3001,0.0295927466576609,0.472625711650789,1.00506734015813,1.32385105011216,1.48831004559957
3005,0.670992783410834,1.11079098869936,1.43215911843363
3009,0.307752016151919,0.984600472531762,1.24541822297169,1.43781672877684
3021,0.369729307841619,0.575632974550799,1.18590577044489,1.36846219370077
3036,0.331597698460499,0.929616808539713,1.15890217362454,1.49478122718004
3037,0.659318342810345,1.00549135698952,1.38395277937497
3048,0.305955355564563,0.826010210772291,1.19759140299159
3049,0.330229406486442,0.776534181767054,1.11923849063727,1.49244879555888
3053,0.00279444624589791,0.657810343486052,1.07983580605924,1.33172882312866
3057,0.510770319811820,0.842018375772022
3061,0.468076002885179,0.696745704436484,1.15408562629015
3073,0.132245549345282,0.484223702472023,1.11365146129907
3089,0.0123466501109078,0.289715182675588,0.781085062907121
3101,0.590679486840125,1.01856300948138,1.18907354990768,1.48493309741949
3109,0.474435989630987,1.02495423399651,1.24035218481117
3112,0.574362545392000,1.11455062781294,1.48350684285932
3113,0.00874724108015756,0.468339580687197,0.878930047643874
3128,0.156669214850671,0.910894703973876,1.22279386722516,1.34698066869036
3144,0.0923786600571933,0.706314414138037,0.859285558090025
3148,0.444535082319848,0.882324198568361,1.26608580740804
3153,0.0623717721930142,0.329598596061024,0.792690899694781
3157,0.525636519131756,0.845402813682258,1.21306273546402
3161,0.321711666035900,0.566029161618968,1.11758049486474,1.40014954482631
3164,0.399524049287282,0.882679875739621,1.05448118234204,1.44965503232927
3165,0.248350310688793,0.831789919698422,1.34790146368223
3180,0.145871704903640,0.697954505769801,1.09071368065309,1.46138463176934
3192,0.560665409909017,0.656229635370241,1.31535726089453,1.47003501855949
3193,0.643778417717136,0.899451328210492
3196,0.0504836969444498,0.303770563252648,0.886416502610770
3205,0.320116578000746,0.751807956864834,1.07904042360854
3209,0.271112960074144,0.664218936627003,1.14440904129387,1.27161903081176
3217,0.106990742156070,0.766288505255440,1.18975437540378
3229,0.0297549429210058,0.694159104164056,1.08660993820243,1.38302136326285
3244,0.357835651992039,0.794547468633897,1.10751802667378
3245,0.422278847288119,0.923808049306115,1.00214511302716,1.38266117555260
3256,0.191517504305181,0.931480061615710,1.03783803621075
3257,0.418207911488958,0.991147601113818,1.24932143545415
3261,0.193208019143875,0.587576202642143,0.820669645922114
3265,0.542149965212076,0.807593723832183,1.41825432008435
3269,0.122760775167744,0.426431748448383,0.887511469978432
3281,0.408428287040811,0.829968488931179,1.15309725290362,1.37550793299534
3297,0.191184956745464,0.690978376702842,1.20714786160942,1.34931648285588
3304,0.0439510707592150,0.396199928023381,0.864429316771061
3308,0.595728809506746,0.730290649581641,1.27245162895149
3309,0.499109477449888,0.829876367943842,1.10786062986672
3313,0.415945240239044,0.806530208580362,1.44379438619091
3317,0.0740437880394723,0.496040932376428,1.09673240974602
3320,0.465853693781493,0.755811046983172,0.980131678439032
3333,0.118583311029934,0.872569291943500,0.962303922627236
3336,0.217509077245847,0.712339299423297,1.09735230291378
3349,0.653589630548347,0.979314988908579,1.52403535087806,1.78051024973304
3352,0.288546194027039,0.825574111980643,1.43934734980027
3356,0.127908716852058,0.783365554376113,1.09219987282769,1.28008345859254
3361,0.208508923473955,0.779158486091768
3365,0.0514716213536254,0.602061872894084,1.17123859989069,1.37306001894182
3369,0.606445403465829,0.907486981257284,1.29569778573865
3372,0.0752357929502966,0.589440748680070,1.15597816052801,1.48709942419787
3373,0.189373815667158,0.704447555466021,1.25027490709567
3385,0.174617741305872,0.629055549538397,0.894581055577206
3401,0.290807928266708,0.817750196323957,1.20964201214776,1.44147630137493
3404,0.241119574327218,0.693242615035008,1.07269003033360,1.29769982367462
3413,0.562768819213170,0.844922939642544,1.29451666550668
3417,0.0290903704666817,0.449960287077903,0.997565966000164
3421,0.304739518268243,0.928434203150033,1.40558503719360
3437,0.342362748183685,0.634823844908133,1.22443426044761,1.49686633711051
3452,0.665343700828380,0.801142673569503,1.24260718732152
3453,0.124808133557072,0.842670630098941,0.918607320089672
3464,0.0880137667801808,0.297806025272355,1.04434525008146,1.34785337319622,1.48672852100938
3469,0.418700076054439,0.979546275403740,1.39377679312364
3473,0.673074038919873,1.12094422496993,1.24830096299929
3477,0.346493659416830,0.987653842951191,1.10143910541042,1.49540149787605
3489,0.353445403706846,0.676700207410198,1.13523418936298,1.33288207228997
3505,0.0755083446632556,0.644773390310190,0.950303428559787
3512,0.804015274742382,0.995399089955306,1.22304247900309
3516,0.328614369030390,0.860176891027104,1.24954964813189
3517,0.182078387888320,0.770346965669575,1.21194393889779
3521,0.311027232187854,0.523886108056810,1.06238080378280,1.38736228985235
3529,0.321228357805013,0.765083071166199,1.13637067092035,1.43306290412250
3541,0.243010838454913,0.520862034406446,0.997040930250464
3544,0.205587146994019,0.557335993380126,1.10088174713100,1.38749410418160
3557,0.203248479641554,0.707357933472076,1.17205271446507
3560,0.726740195524121,0.937053209969974,1.35962296286377
3569,0.0212295784272867,0.505328166783510,0.898618846322029
3580,0.713239924189654,0.912091535525866,1.44372477278869
3581,0.0853695204811647,0.446502116019147,0.969686991700432
3593,0.442696703436119,0.623534144815088,1.21414060166486,1.40187326964034
3596,0.314846766435815,0.881247935387923,1.22392692685819,1.34053366465942
3608,0.507682716304908,0.787642163611351,1.39376780036816
3612,0.484082193801803,0.980315682241800,1.37121582717724
3621,0.246750584793928,0.862391820779966,1.28493516544135
3629,0.158666710440692,0.709758987291466,1.01223925317484,1.42170597935859
3633,0.275630621460332,0.720383775627512,1.30186109687183
3660,0.427381400084440,0.887386032196461,1.08577040070459
3661,0.220641275502325,0.529544025092772,0.990675999472238
3673,0.290787891169862,0.826410772748902,1.05433674600177,1.45992633209045
3677,0.688618196323873,1.07894387836679,1.27953398172619
3685,0.291168852339523,0.677107730236758,1.21952553111247
3697,0.583408245879726,1.11739662140570,1.46941194472716
3713,0.313513482727536,0.686082002456330,1.14722265577179
3720,0.568826635450958,0.904023521570436,1.33542163053376
3729,0.284407748483740,0.470731399896904,0.836731892868176
3733,0.248431653831113,0.884177472188604,1.30201697520638
3736,0.0314890212858379,0.688313057247590,1.02611071437906,1.43588673395557
3737,0.0707569622696459,0.346930874887713,0.973562616381127
3749,0.341797537097889,0.772527490993251,1.24767120059493,1.42228498434098
3752,0.379302740345503,0.607306454679191,1.09311278425366
3765,0.311181524013693,0.692722269809541,1.06534541572331,1.38576424737177
3768,0.0352133527578430,0.364889835222976,1.06222486711993,1.20930005429150
3772,0.317450302561768,0.884879500030335,1.41899558542053
3777,0.389454487424889,0.694539454213528,1.29241471954843,1.44975273834951
3781,0.271097280293251,0.331019750025782,0.804688363448202
3785,0.349801295181064,0.566195326996900,0.927132978147121
3788,0.336256266144648,0.558010034797903,1.13379215154713
3801,0.331781621627200,0.660906908330071,1.03514514184590,1.33227624220133
3804,0.256028932928732,0.764197329086736,1.11794229315858,1.26386842310925
3817,0.591281466718100,1.03019227984694,1.43908054003525
3820,0.405552969871560,0.879349868465292,1.27081356070662
3829,0.140545164341591,0.837221278436210,1.33033665143510,1.35122327882406
3833,0.127231670284832,0.638633925957763,0.969338143942323
3837,0.0117524663290212,0.454487007283613,0.977488190937745
3841,0.294375891902890,0.799142269364160,1.24129519748781,1.40836769718406
3853,0.0172762825318528,0.566758264654663,0.967416678904202
3868,0.202629567579943,0.647207749021596,1.18100461525321
3869,0.256471530589579,0.989718564721094,1.12953065079079,1.32934580497553
3880,0.207969668462875,0.714485272255796,1.14099636005451
3881,0.0505721394656348,0.590530473369181,0.798724210407474
3885,0.0814003859356776,0.282570473945724,1.12225821166263,1.39451921750490
3889,0.0830519158025802,0.543606720508601,0.852358371868709
3893,0.473058449131899,0.822135048326351,1.34067838217617
3905,0.291162328303414,0.758566156786147,1.07078622833541,1.40175108361575
3921,0.272222535454967,0.665590737521054,1.15749184189531,1.30683319938783
3928,0.102020739410963,0.167959909502222,0.918783945937298
3932,0.424362371765734,0.969101404296754,1.20745817323257
3937,0.253755343157139,0.898954666679383,1.22597766642850
3941,0.188319178670456,0.715808794881922,0.998204168546840
3944,0.222392001237759,0.788860510957724,1.14707126763670
3945,0.447264817784486,0.791730610739709,1.14919514222837
3957,0.0978513993285459,0.689228260560738,1.00078840320434
3973,0.110133211594467,0.450483080669607,0.970622543575945
3976,0.486225377709255,0.838013406143464,1.36861489218584
3980,0.100883826271819,0.686703922569570,0.941317804355957
3985,0.430087403244884,0.642955306931536,1.06303185032328,1.48506547567020
3989,0.210921399475395,0.691214378117079,1.00004009285196,1.37192218607615
3997,0.156950086788941,0.615451898023674,1.29154373946130
4009,0.125427763993575,0.466126748983412,1.17357979655432,1.26473238874784
4012,0.576364522305378,1.07666200907237,1.31366398479624
4024,0.224840936223452,0.822208590622605,1.14959668307433,1.42963050775851
4028,0.118849029820571,0.541698217815163,1.15357951848054,1.26033306573430
4037,0.500659197816224,0.838771307983395,1.34755437866397
4045,0.234269398405297,1.04476261636514,1.32037459993741
4049,0.0558809667753547,0.610602650889341,0.907308837872988
4061,0.463657887202179,0.869746954776653,1.04848771562471,1.38985890765960
4076,0.612610055686657,0.887705776226379,1.20538961350471
4088,0.473338408925383,0.987031290700455,1.18469436104353
4089,0.0992689659252548,0.329382274264337,0.756719749405161
4093,0.338491874929140,0.980748789951088,1.40673825832622,1.46530510573372
4097,0.224415467993081,0.703234294978503,1.00387462352737,1.17123856599347
4101,0.394046009759025,0.696912593787846,1.36053980342121
4129,0.169343565883863,0.515403912383475,1.06269929565328,1.32711398298847
4136,0.193394668516628,0.649342995381547,0.952073841761555
4141,0.236244406742004,0.759484072840683,1.18036744023689,1.37917296845535
4145,0.227685205479732,0.625574917457582,0.904616290064562
4152,0.209860573792168,0.621785652747208,1.08760207967117,1.35319131418561
4153,0.172813386363108,0.866696912311593,0.964657965550289
4168,0.655801489043884,0.794519409594505,1.70331830817286,1.77680726092922
4181,0.170092956879196,0.829990072439829,1.16339211129169,1.46911008712526
4184,0.121385329408894,0.582673865700992,1.09306458095449,1.43317203462732
4188,0.0841017880662101,0.451753282344811,0.953313866430191
4193,0.540479390940597,0.931572452298263,1.09231506400874
4197,0.524869498430110,0.980273208125962,1.33916948834416
4201,0.505912271162201,0.947536768961394,1.18435666873724
4204,0.126506258239556,0.596072597730658,0.912635888458174
4217,0.370308689124617,0.868245304922572,1.02267620475392,1.44364230007411
4220,0.446446355916306,0.561668550141958,1.30694014746112,1.46184144970908
4233,0.227981705954693,0.665998885709778,0.979126084439567
4236,0.0665165601462994,0.553417681616350,0.975997058149430
4245,0.496589586666850,0.820312677907629,1.03912077528487,1.47407437295270
4249,0.463587930529423,0.931688295287524,1.24290471575217
4253,0.703592420237537,0.873237987285996,1.44244910812338
4269,0.0771507726988514,0.801377946843192,1.08483261482126,1.34394357726218
4285,0.642193211960937,1.02216876151461,1.44149366460800
4296,0.436083974712820,0.911639469855088,1.13452761117459,1.34242134391068
4297,0.0537786649389379,0.830157628744624,1.07288140051110
4301,0.173475050280426,0.669085569379052,1.03037760276554,1.21659415657272
4305,0.113718293529960,0.504193751985638,0.882211955786751
4309,0.366345235935499,0.722520173056221,1.01674348325546
4321,0.159739644776999,0.488974701764611,1.00490539638794,1.40929926112896
4337,0.157726044499724,0.850167204351787,1.16391218371068,1.39263627482996
4344,0.540819835175850,1.00890806345994,1.33593205217660
4348,0.153769459713240,0.702509351566323,1.11695473873467
4349,0.0134208155257541,0.475683161084962,0.848910224951742
4353,0.163237807158746,0.551076318683478,0.784940823222357
4357,0.329386733112047,0.862111286741947,1.28620102170837
4360,0.187998549430931,0.362188304086929,1.09739435873936,1.44071854634287
4373,0.346883828503951,0.816959792698234,1.09972291480941,1.38842690954164
4376,0.488231612373821,0.779269294550198,0.985035233072571
4389,0.192954211873729,0.731932023181995,0.923788030623586
4396,0.163874089739921,0.333541693057961,0.853777433405700
4405,0.0523042233014985,0.279948233642195,0.804745512957229
4409,0.0863122554224450,0.684995516308528,1.01176050926237,1.23940792146886
4412,0.199115287357929,0.752062838129223,1.32582665094020,1.41411159088378
4413,0.218617400845155,0.897865766254131,1.10384991656835
4440,0.0326023684209357,0.307962348302671,0.812199737364266
4441,0.189917856394274,0.689428742772941,0.996320132213604
4444,0.412989426165923,0.780209237361105,1.41274245892685
4453,0.0700082002327363,0.600498537262829,1.41645344764806,1.49498242562941
4457,0.134998896306213,0.604761268011712,0.925219778192826
4461,0.0343983640274250,0.617497907237993,0.876300145834109
4465,0.393164982834249,0.493714354602185,1.22790954268917,1.47635708076181
4492,0.107432687938289,0.753390008221333,1.16626400383536
4493,0.327000608729726,0.708215694146071,1.13050936392233,1.31247779046351
4504,0.0718530715236694,0.970364698832952,1.10207439269754,1.41372248604166
4505,0.575937416303783,0.906543033363339,1.16231848239973
4513,0.426120564041021,0.965924242267854,1.18230251034349
4517,0.447487416867696,0.972501170705563,1.23217761397601,1.35971577552229
4529,0.00891049949968575,0.344528245363685,0.603364732335019
4552,0.292585178223610,0.968489330761262,1.25387482442705
4556,0.117363656842133,0.591447115110459,0.679694542121526
4561,0.0658032625517621,0.425055718801485,0.815614985520839
4565,0.139964777659473,0.478963635245491,1.23542423287751,1.31687208537232
4568,0.387231492385214,0.632962587707803,1.05254348097464
4569,0.325213425397631,0.853764762847071,1.14628901771358
4584,0.198397302399935,0.706075384876344,0.987561184694494
4597,0.558234253671839,1.05374372249087,1.35797060353927
4604,0.189461477514921,0.641312935454055,1.02200431744876,1.30451741348019
4609,0.474118749427957,0.611185036573343,1.18238041049882,1.38664786322238
4613,0.178093199445672,0.606163691893355,1.00475385213644,1.23019493149146
4620,0.112565415711114,0.703758260223858,1.12895627109907,1.35825936254922
4621,0.370182318576174,0.671232171853356,1.11141269358453
4633,0.0516469070379651,0.469516238887575,1.10204194208223,1.45001600161507
4636,0.0386659417580436,0.533217893500230,1.08771702318028,1.34060779305386
4648,0.334157680361261,0.603401611080079,1.04026557693159
4649,0.373515894271236,0.775533453592903,1.11645843937901,1.49686841369164
4652,0.0571345885584989,0.689651634050852,0.913431062367028
4661,0.116491127821965,0.375781585493460,0.868599445254396
4665,0.0524355384171879,0.511927382158981,0.920292114297355
4669,0.495235886269914,0.887627088234486,1.11287743720892
4673,0.483335487476278,0.999134404158848,1.17447763344602,1.41150384784922
4685,0.198337668372076,0.758740899511997,1.08870453730871,1.47726632443350
4701,0.197181688319934,0.616161905256081,1.17349775560039,1.39744881404616
4712,0.0518668646589814,0.252206037725544,0.961651818275072
4713,0.222196633185741,0.808551196220400,1.35187341631476,1.42738303036713
4717,0.313628511834552,0.850893089270587,1.35874083629260
4721,0.119048839053479,0.701796644446922,0.930867872635304
4737,0.127685061997335,0.707043727579623,1.07189717813270,1.27179648343385
4760,0.0889173530592818,0.623953689645563,0.952053135264077
4764,0.447705026781651,0.918654011114850,1.08566387288696,1.38691992455264
4765,0.384126606734680,0.542922973218718,1.01802697272109
4769,0.243083465059898,0.751336285711347,0.980755044517646
4773,0.508938320077277,0.899905139064318,1.27663611724870
4776,0.198408431412011,0.677240441017206,1.14025700775676,1.42829177552672
4777,0.331720704747224,0.694076340455471,1.03314751316867,1.42148475939961
4789,0.143178651610720,0.516097784105163,0.909530749016565
4792,0.0833974301249131,0.397505579845661,1.15163252431605,1.36155048111333
4808,0.157250924146858,0.507029281392902,0.931140457597070
4812,0.441460868286852,0.969289161132146,1.38671017330141
4817,0.435396221657064,0.870418601598784,1.21214162171661,1.48614899157702
4821,0.600114321595901,1.08089547821694,1.13526994601718
4828,0.149104969220128,0.414317232963454,1.05417423931930,1.32191911881641
4829,0.497890139819870,0.872401984172216,1.26692040024238
4841,0.517114552208618,0.696169127428496,1.07883469653057,1.39797039945564
4844,0.363063633975926,0.891459097606058,1.09035968678897,1.40955556024024
4856,0.0838016414137248,0.369565625149379,0.895728098749236
4857,0.342081777385005,0.637319629867705,0.933551584971945
4873,0.262660064087813,1.00240243299855,1.08642171962923
4877,0.0627051673163458,0.607792958399565,1.13462739548227,1.26773507559203
4881,0.365993272224750,0.917141895457734,1.19338718379804,1.42318955374893
4893,0.183429662110620,0.561348695743196,1.16043239859352,1.37272080486037
4908,0.213184474190119,0.830775255657687,1.10877287923137
4909,0.102620241418692,0.657065695536712,0.954792656780253
4920,0.297066248337117,0.834807793195442,1.27758047021145,1.30974755020435
4921,0.263010401633920,0.757282005816317,1.12299243284534,1.46009004067652
4929,0.0624216624983542,0.594642866956997,0.868226879135132
4933,0.149522753512165,0.691539692257377,1.20191188933796,1.44354668480682
4945,0.127868569247036,0.435570320539285,1.08719774568525,1.36463487889477
4972,0.306504875148735,0.653611934020840,1.12993489218076,1.48918104134279
4973,0.456494937049110,0.857731862497409,1.31557120846430
4981,0.565349166556968,0.690669298426277,1.28112058491321
4984,0.0619924261067627,0.658543724556395,0.904721829983628
4985,0.466900802942970,0.947988006041475,1.10935263512054
4997,0.176609673270268,0.825801328022348,1.03405564841524,1.45002051970306
5016,0.0584119491699339,0.627189562705137,0.953568190502357
5020,0.326680503201162,0.925556135963092,1.14137617951090
5029,0.436390028822353,0.920208087806532,1.22621403219950,1.47169993088382
5033,0.685293044523420,0.978791976057220,1.34457958452475
5036,0.312648381990429,0.841156280334290,1.10751088044929,1.40703097777990
5037,0.211152870378476,0.765819848788870,1.13952807518110
5052,0.164718514994606,0.397696344011377,1.13396059249282
5064,0.441986977602245,0.765463689915100,1.21391924135512,1.41714102857666
5065,0.590450753734958,1.04794299877377,1.34885694422966
5068,0.361233581720884,0.874158866192225,1.24756776124741
5077,0.247031120569926,0.564031495975908,1.12241794124165
5081,0.193026049017130,0.706689085939124,1.11567022765727,1.25343161208239,1.46494891716016
5089,0.362095013306527,0.595409501314982,1.04656347360139,1.47170981557271
5101,0.116498181040248,0.714597813074209,0.868019174294796
5116,0.258049271152770,0.746197170315613,1.15284679894032
5117,0.219143980998795,0.672219927510874,1.26465589425466,1.46389786660519
5128,0.0351611100412343,0.612281377599024,1.20958966078462
5129,0.00734613425223177,0.533087779862968,0.861465999547056
5133,0.550262008321809,0.992360317826456,1.18764702265050
5137,0.447942230857817,0.720048223145815,1.20857583631609
5141,0.100382702771434,0.477464285503811,0.738748406885415
5153,0.395189120179778,0.697533195074152,1.09900611015418,1.41582305165460
5169,0.207501158369199,0.664630564970592,1.15640473245275,1.31948521549486
5176,0.557237990730983,0.804508581586649,1.23624813860623,1.44967043865489
5180,0.368084866717281,1.03238477865883,1.15211015956694,1.40846355044948
5181,0.428329082618332,0.953056525996351,1.03002177673133,1.36621930921334
5185,0.304488950438576,0.858930834261504,1.32625494680774
5189,0.173631205621802,0.695631520736487,1.04675064905778,1.20202337939886
5192,0.109516983130525,0.908664412221248,1.08399254277653,1.30135090091774
5205,0.118657088474426,0.645922646546114,1.14975598437622,1.35213381852637
5208,0.114412064765210,0.804032080509783,0.866053450605738
5221,0.102742943841924,0.682288054943457,1.01285742535817,1.32762849326785
5224,0.506573302672704,0.956024285560269,1.10333018724094,1.43868555458893
5228,0.0141035683512190,0.631110670403844,1.00798964580273,1.36961953767408
5233,0.255150612705280,0.717231337087091,1.12680213037002,1.34096773480690
5237,0.151811299933992,0.610765615460932,0.969099073337040
5241,0.502643150888439,0.866873758868406
5244,0.0897719682518841,0.777497485776538,0.983661575777678
5245,0.231122078483769,0.772326083871109,1.11603546021154,1.38250946101992
5257,0.0809367173588573,0.582886542722302,0.960906116610637
5260,0.207463352855607,0.473549776680487,0.839824990578209
5272,0.0726238189902345,0.664222895580031,1.25239054157752
5273,0.449337740693896,0.574011715346446,1.12479983456332,1.29932878647993
5276,0.291517772608528,0.655098600046034,0.834639762580489
5285,0.0253903958342935,0.463530510196237,0.776905283058649
5289,0.497495218241221,0.951381262610492
5293,0.309477628409194,0.773172565904755,1.20247547647822
5297,0.566988692480156,0.806947954696393,1.09477353843691
5309,0.259893036538606,0.867072565187311,0.994265033130677
5336,0.419410899051154,0.905487012462211,1.20123385203349
5345,0.216911750530737,0.511767593466218,0.944309695141897
5349,0.476003777697639,0.792566489100019,1.02582035471485
5361,0.439234606241019,0.703308382709801,0.889052696168073
5377,0.0728984613960312,0.589607584877951,1.01097663203243,1.25039910088367
5384,0.285360474403267,0.474964497600582,1.00314006909498,1.23176948359797
5388,0.298334694917332,0.742794648839400,1.20058905208274
5389,0.231390466962147,0.648920113064674,1.15712496910803
5393,0.672717613083052,1.06502783870993,1.34423732081320,1.49543681019972
5397,0.397012791662007,0.922555212712453,1.40230388252378
5401,0.222093822136994,0.779889049434101,1.09225281889370
5413,0.482717105938575,0.960691116369907,1.36478206090803
5416,0.0914598185448909,0.451788455478375,0.984904666602520
5429,0.518506341257081,0.658322759094761,1.02586812844941,1.36426376534034
5432,0.0838537438040782,0.581931537945131,1.02122465134851,1.24674813317812
5441,0.143104918174670,0.488633590244769,0.779314331396793
5449,0.395066957749427,0.944918951445666
5452,0.577361878783286,0.940216535332589,1.27566471619444
5453,0.0112106319859989,0.334637197489986,0.872465726474288
5465,0.193842810613813,0.899281429399363,1.13046500815142,1.31923274632955
5468,0.0786068531707121,0.800451443642600,1.11392924386806,1.37738514335224
5480,0.535243210985694,0.932354104476501,1.07689024480887,1.40744364162951
5484,0.0989627856998637,0.361334042727200,0.952188459444619
5493,0.266510636941982,0.770250081889601,1.24955144165151,1.48421655973410
5497,0.380529083927940,0.745093326139464,1.38342475211253
5501,0.228075347635435,0.638113680713919,0.992374152545565
5505,0.421491082264497,0.690594640828600,1.23618756216856,1.30117705702317
5532,0.351038886065467,0.747643426133848,1.11151988124104
5533,0.0488309250492126,0.473288561073859,0.978224289765657
5545,0.352178054935282,0.526422183346670,1.04136025304145
5549,0.225791546507213,0.645810007528686,0.967173105817967
5557,0.0897991217464541,0.711585031544007,1.16560174354224
5569,0.0972542373204920,0.581670457632541,1.01672272271913,1.25888971942146
5585,0.201293405563625,0.676629144493201,1.25783511564516,1.40084711813342
5592,0.468513350312286,0.909608321476635,1.32607739364872
5596,0.342706956912567,0.586188309595318,1.19695019246832,1.45475007009825
5597,0.569187019053380,0.802666507886437,1.14699468886387
5601,0.0605918871692172,0.701451208297443,0.763216488988692
5605,0.332262725849543,0.780019419579573,1.26359355168682
5608,0.511338081978578,1.12119268808079,1.38158949948719
5609,0.474980047491487,0.909548231417978,1.18712636314117,1.47526275352396
5621,0.445951649374447,0.601183097733183,1.12673381460147,1.39659941674244
5624,0.378587226937905,0.766368165503493,1.06652877444485,1.31256149102857
5637,0.315819174610038,0.565296455020824,0.863915470467325
5640,0.573461511585290,0.805734764898497,1.43675596285324
5644,0.513236923976014,0.688969929964274,1.24791044236928
5649,0.364706368285819,0.894053286549094,0.991724520077629
5653,0.468521293302873,0.755210354051297,1.22046563576098
5657,0.169290039812652,0.578541550160295,0.956697174172963
5660,0.289387908186302,0.699311372561599,1.21617000316727,1.43372319871859
5673,0.218623357806615,0.583686754558650,0.995387278143640
5676,0.375031380654363,0.694106709229036,0.826637311158185
5689,0.249139488279929,0.485470376840289,0.945485428462035
5692,0.379882755236012,0.707239932045113,1.36553765845122
5701,0.165695956125153,0.650078280780111,1.26307083894930,1.34154912871492
5705,0.235848335955885,0.616662705066351,0.950830026008846
5709,0.0213834106714849,0.491801715258226,0.996777473714020
5713,0.258934086640729,0.798881910500140,0.984281029468740
5740,0.321763660677727,0.582103210986746,0.992872002779808
5741,0.410869625071040,0.553446933408815,1.20858322318051,1.39670181273851
5752,0.229496888534528,0.764436052234772,0.909335632904593
5753,0.492168932504028,0.801701804686382,1.27287473739138,1.37148703678184
5757,0.378899810915533,0.942314631860398,1.28573500148779
5761,0.0836723984531632,0.366524283971002,0.826823362286185
5765,0.418776721469471,1.02011296591895,1.16874419659521
5777,0.164220776180736,0.694871333872548
5793,0.0673288378557661,0.604173404432261,1.10017191850109,1.38568651748771
5804,0.0465697309395196,0.367285038265750,0.936861147685573
5809,0.252135973226098,0.487312840026824,0.674332147762821
5813,0.760138995788022,0.938335322597322,1.34553067897825
5816,0.404302375240962,0.760627748686162,1.21158398820827,1.28426046043542
5817,0.295236896472911,0.798816827940423,1.10772399301470,1.43438367963671
5829,0.250543289527970,0.621645558539596,1.02505221442482,1.47188865396158
5845,0.365177706970300,0.425183238972262,0.812225172913622
5848,0.461455778672909,0.838418874687833,1.09489932352205
5852,0.215224296705966,0.356747061504551,1.03796265794346,1.44225114218809
5857,0.167955500947273,0.630452446981981,1.19366499292402,1.46706859208978
5861,0.126260989843707,0.534638632877383,1.04575294775585,1.42442163773261
5865,0.135220469107696,0.406632636747425,0.896567831383762
5869,0.390783298316324,0.624522526502051,1.07743675123198,1.47197393011472
5881,0.286693272661156,0.502617672819854,0.896800041302710
5884,0.147474979181961,0.483516536116272,1.13064864617608,1.29933924007825
5896,0.200777686498075,0.635231556101713,1.15012794404328,1.41889696177234
5897,0.209459181880138,0.783457085014158,1.10233626593472,1.34339106191168
5909,0.581646014368464,0.791107055385619,1.25819742157598
5917,0.483634543565051,0.819087127613964,1.16260353556325
5921,0.0113439628848728,0.491242124578284,0.954800766247345
5933,0.193036744485190,0.790864452928742,1.03427039411960,1.47832103367964
5948,0.468117601946392,0.943600981145785,1.04790097378870
5960,0.525518497071009,0.827918969552613,1.16776373261824,1.43546763495121
5961,0.483084095529721,0.787007868622201,1.13626652277195,1.36002785364311
5965,0.0499599099124688,0.295035984845015,0.780954139468015
5969,0.244605753880327,0.687808851588296,0.976065451107036
5973,0.444115666428126,0.631338865131226,1.16495517118497,1.47583133511791
6001,0.163377260206447,0.529567488808767,1.02868095286642,1.29410820532732
6008,0.0340499486920052,0.493364289943535,0.942231489098035
6013,0.0454013529215988,0.637189302324326,1.10166795295843
6017,0.0618392569740507,0.551619139716311,1.05017908087021,1.23291653788399
6024,0.225983927847239,0.586883646158412,1.07825941286791,1.37067287205465
6037,0.485129026177420,0.966758396918320,1.40286938976776
6040,0.570963542987652,1.01878319943073,1.20078017882649
6053,0.213635434339994,0.853263169163552,1.00742127204387,1.34796205512536
6056,0.0639402289075843,0.634540026049271,1.07698712310833,1.35337741796719,1.48946486029079
6060,0.414587534679733,0.959919768772902,1.33337175646605
6065,0.475037857279407,0.974032167295083,1.12475514911823,1.40326005329600
6073,0.0963981370903924,0.278877601144045,0.766878245794253
6077,0.289579897332307,0.922729992171534,1.28876508496583
6089,0.377155808383400,0.735149829683745,1.10753378205164,1.32353605601468
6092,0.206286368187301,0.736031102763545,1.14536955151825,1.39160671984308
6104,0.549541329114136,0.840399263581345,1.19944332661201,1.41950700463579
6105,0.161089600949312,0.492362533831716,1.15825573313925,1.36668992453887
6108,0.462402507118468,0.950859033928649,1.18108198973155
6117,0.367839031636994,0.726908351903641,1.08634030378832
6121,0.0484532424267362,0.526130159371434,0.854068889987913
6141,0.283919933204861,0.559431925234831,1.05460551776052,1.43549567684952
6157,0.0774210275644309,0.458729796543950,0.901354656041515
6168,0.451513680500575,0.697571749146082,1.12576326820957,1.44743472751444
6169,0.265191332314520,0.862566107779462,1.05570627622987,1.39348988636828
6173,0.0182587261599284,0.508236285051174,1.03904018631946,1.29292043496218
6177,0.188759153991967,0.402373559679811,0.866507081758818
6181,0.208613477715603,0.563307282646478,1.17722516664914,1.44649187750618
6193,0.242336423191499,0.454752120016213,0.864187859830271
6209,0.385240887311216,0.675265577017214,1.22170358583833,1.35272063763802
6216,0.339248005965056,0.409680025699661,0.783842400982648
6220,0.227850176030567,0.700014764997008,1.13347046309496,1.46405155782935
6221,0.0338339302592710,0.410581010977034,0.957060868960378
6229,0.0860702198936480,0.146345199473728,0.972720744228050
6232,0.449475733943130,1.03911517739586,1.31486164679101
6233,0.333552263499080,0.802029749678166,1.25829899110062,1.46208487369640
6245,0.319728897525583,0.674369104297425,1.08449688414022,1.33311289803234
6248,0.162869514503606,0.587193829212391,1.26008560629767,1.48350286702765
6261,0.290958477114536,0.554495067175520,1.07430978237287,1.31842512359416
6268,0.0534570585412287,0.244426696081590,0.732359324183653
6277,0.125706211965493,0.896726100334565,1.35322362432491
6281,0.240753222875278,0.712381233106197,0.925432637224231
6284,0.274080150822822,0.738849833970732,1.08790086753625,1.41440025383984
6285,0.370744799543631,0.701053968535667,1.13129116175012,1.39809154456617
6297,0.197832620422012,0.762585090444930,0.905041964296682
6312,0.0680359865351334,0.828216301209611,1.15710300297205,1.46117414629783
6313,0.0210675724511130,0.418805023535896,0.914769806924701
6316,0.00588937088928876,0.346609137129625,0.870389862880539
6329,0.247852593325900,0.675715516539279,0.944629934035242
6333,0.551011355563667,0.874170591595299,1.22747435514337
6337,0.377707232869984,0.621628787653299,1.00345349339810
6349,0.339261617854534,0.448473078268817,0.937353751920153
6364,0.237336929488888,0.758670374756457,0.993617881890660
6365,0.298270809532561,0.592772239280672,1.24100170789968,1.43320449553199
6376,0.0339583803969636,0.884766185388877,1.06176144851772,1.46662833035680
6377,0.0256122874077186,0.500468386023532,0.877061144564877,0.995938008453269
6385,0.275030075800381,0.910197754084766,1.16566037621814
6389,0.658762118507075,0.888951149765868,0.953607166921707
6401,0.312236125072513,0.785134690685382,1.16692120741475,1.26217831823284
6424,0.357904085824413,0.849026751670412,1.34277492967440
6428,0.296689830403281,0.944731526036980,1.17305969792636
6429,0.448956549023307,0.757061326377729,1.04565938891510
6433,0.0168443313854656,0.235389854565890,0.897903301177231
6437,0.662592236633364,1.01910319568147,1.23458982345745
6440,0.443729815113996,0.625568488528579,1.01049994932482,1.41861853418344
6441,0.483633768701059,0.723361838715407,1.13876268485200,1.41751867696590
6456,0.186854914344160,0.758757144376320,0.916434294271465
6469,0.576216894418694,1.07681167397517,1.17055198707401
6472,0.504767085885852,0.838793519930876,1.04555192592851
6476,0.0745720062833270,0.678538348750906,0.925111498449937
6481,0.269256541949271,0.774359040788526,1.00466950153835,1.37151047212023
6485,0.655506214404987,0.965549624286006,1.30809092867920
6492,0.165345243190447,0.745132356102949,0.840590558665218
6493,0.120210897380460,0.711154219034930,1.07216083795294
6505,0.0471764959765963,0.551105601629640,0.983757105343992
6508,0.137760097616686,0.402676110712095,0.990375277805904
6520,0.100458627283663,0.657548230757235,1.22966458989502,1.44782593926067
6521,0.477589955119023,0.668798219230384,0.973080317207865
6524,0.138261739535277,0.635706305302002,0.927017583842769
6533,0.511139843242153,0.710823035990667,1.20769190088367,1.45822173469097
6537,0.0734520494765209,0.288418916831394,1.03156156448178,1.25216129845397,1.49271668643950
6541,0.131176364032662,0.337608258469523,0.753622841083713
6545,0.0108048952538976,0.489198694024297,0.778769077491477
6557,0.0454579305025028,0.863229093548376,1.01290023781276,1.24828193542621
6572,0.249093106289791,0.873058711418129,1.25284349579466,1.45457640991563
6573,0.0479396986366579,0.717054005623590,1.01373888890441,1.20219958078834
6584,0.0402284154278087,0.530686198165472,0.851009138963053
6585,0.308049017304817,0.724036588871620,1.15472571887332,1.38682165675298
6589,0.0391622994473638,0.461733440955037,0.705649809509254
6593,0.641161145952374,0.955189395407858,1.21150621811574
6609,0.170349004068841,0.730867060566027,0.931364586638254
6632,0.623105456352098,0.996869773120094,1.22409353568817
6636,0.294354565884950,0.733537021266946
6637,0.100450336657688,0.675085810909217,0.981459984426754
6641,0.688246382996340,0.984543238515082
6645,0.549334064695888,0.817237640659446,1.27990483273794
6648,0.705979462786551,1.03432412961271,1.34681490328925
6649,0.580619786937582,0.663124278256756,1.04234582480430,1.20303970588155
6661,0.0560440998916990,0.631620324967821,0.918658621197956
6677,0.119917716532268,0.763600975343397,1.18490634039442,1.35713997590582
6680,0.0646581753080035,0.528866409031260,0.980330603571300
6684,0.134182807611971,0.447578566013751,0.904960058042063
6689,0.0721179230583244,0.391850995483597,0.958262668561105
6693,0.458450752659781,0.880025967784598,1.25139188527467
6697,0.344098403418103,0.824438225705473,1.23902219528210,1.49597840515706
6701,0.119841828154998,0.493768325441181,0.824951701428003
6716,0.417096170964719,0.643492900160029,1.06578921129538
6729,0.360583429123922,0.638998867424862,0.872123614355828
6745,0.449636765608843,0.820699301458594,1.12650381741704
6749,0.173352643917750,0.518368106450323,0.994165890417536
6753,0.219772840088502,0.845916368886355,1.09597342613219,1.47355844896265
6765,0.202567670538899,0.565457880622620,0.988539603176957
6780,0.307792210178519,0.759567911336844,1.05447882364638
6781,0.629459256031585,1.01091914183842,1.31632444486546
6792,0.278480253276203,0.735431260368796,1.22957606601140,1.44681748170882
6793,0.236317000467883,0.655517767192759,1.09142094828349,1.36517770640491
6797,0.0798827527572704,0.721195524869751,0.838556122473310
6801,0.0995862763558664,0.631495271907623,0.863719489010559
6805,0.282882189130665,0.638772509628785,1.05107853924686,1.47662464877692
6817,0.142052454626506,0.542687773888592,0.971945049082278
6833,0.425178117475831,0.763122837733007,1.00350148912447,1.25721209346242
6844,0.301794488626946,0.790627826074602,0.982919473551088
6853,0.318066331937837,0.825065045592731,1.24573441096214
6856,0.220984171986412,0.565004886809901,0.873267991013929
6857,0.417512664763624,0.926945379414645,1.10766343402459,1.37877547065654
6869,0.277768090137275,0.810924146278603,1.17901688890113,1.28638038318296
6872,0.428614871998641,0.557117106018198,1.07978795579712,1.46524091708846
6888,0.0703579100095279,0.402162153242191,0.833880111292187
6892,0.498422472139765,0.701207230151900,1.26432932259246
6901,0.438537759547915,0.770817024072240,1.24838801205665
6905,0.146779148640223,0.491456546719764,1.04637221449634,1.19159426531228
6908,0.206797773623631,0.694212247676201,1.09128375686968,1.42796867646107
6924,0.249799299173824,0.705641255684957,0.809029419203487
6937,0.119613123831160,0.440943953097794,0.964258802388333
6940,0.0120908155077153,0.142029712337584,0.991147109007182
6949,0.317402994983743,0.744319055834166,1.08586566457972,1.32152058205213
6953,0.655129614269053,1.04077704289928,1.29006384242177
6961,0.220874556571377,0.559843431038811,1.16350000161323
6973,0.0109591859742415,0.469315340159387,0.939811775483394
6988,0.165084648352909,0.768290994500436,0.959936888394604
6989,0.300975900826403,0.737027718763898,1.24100142301950,1.34467888805551
7001,0.160203760970382,0.411525496969582,0.737983770587774
7005,0.539497318370455,0.991004991068336,1.18145340793918,1.41450789399888
7009,0.0303362477379686,0.218454925706405,0.929703718821522
7013,0.359996724673461,0.851440311905865,1.27683846979209
7041,0.274122357574067,0.719476931831906,0.992680431110896
7048,0.323692209138754,0.705815076040768,1.28456929599412
7052,0.294491757884220,0.841665339166212,1.19915318150536
7053,0.169274306155484,0.650162976251863,1.40359019497997
7057,0.482286734555023,0.775583314008585,1.18832157704588
7061,0.183830711582396,0.531174504012830,0.968758214053252
7064,0.438372493164828,0.747956562100424,1.07919698049103,1.28495351114355
7077,0.189049416327786,0.555254811133941,0.922494082387102
7080,0.131418571524309,0.580388447824122,1.12034247723369,1.35765416394886
7093,0.0623325007136324,0.507667147142759,0.948467123906427
7096,0.435864780543657,0.709895430213251,1.26409543808931
7109,0.230852095313228,0.540577649321063,0.894925629065082
7113,0.0326380645286936,0.469909065593812,0.860901720656044
7116,0.169438513220029,0.714279459606388,0.964441746826757
7117,0.0353164909708317,0.687797003445783,1.12537276957797,1.39326951657914
7129,0.0943032969815425,0.605077198280571,0.854494503187787
7132,0.571728820670391,1.04334439423278,1.22402208299803
7144,0.345654436548923,0.574838532244943,1.21268301751430,1.40460739571051
7145,0.286160956652986,0.755775138929935,1.02451309761718,1.38315385161286
7148,0.0168881976016572,0.616242654595531,0.960348539655212
7157,0.391709245012508,0.877156890428513,1.21032395378418,1.40810990351148
7161,0.255430302343321,0.384941370242465,0.953749428371737
7165,0.373683729226217,0.774676987905178,1.20150276095530
7169,0.0634688579633293,0.542388951022243,0.761445487504301
7181,0.439231182676663,0.745488012699736,0.994089293187875
7196,0.0346883758754471,0.497855769334436,0.749673543343383
7197,0.118755318466235,0.523651286168040,1.05044532151905,1.39001256751191
7208,0.452508318340647,0.827388570765864,1.19337358920552,1.46691501473749
7213,0.347882868043666,0.822286349426716,1.14839656608019
7217,0.0450954232838754,0.495471456880876,0.977154084687391
7221,0.369026676471436,0.671170670583323,1.21029477799567,1.48136057908506
7233,0.0274072560012074,0.759468185026233,1.01984092517350,1.18249985997747
7249,0.336529190580316,0.566526341320820,0.812658499027282
7256,0.156632060260360,0.499845727481015,1.07861880731023,1.27560981016344
7261,0.372759906483355,0.757278314756240,1.01026648923402,1.44193343353894
7265,0.0943886175599283,0.562706066405904,0.835815578101764
7269,0.152274474938009,0.516454885851210,0.907518204487685
7273,0.212258733177506,0.713478659718818,0.979244910625232
7285,0.678034176199661,1.00147658565784,1.16598047152162
7288,0.0135294676131885,0.398940861063862,0.939901239606111
7304,0.259152212161598,0.620331751568018,0.895928290848048
7313,0.350220373176644,0.941630525355307,1.09650605629598
7321,0.341068837896882,0.746072578971588,1.29273376267925
7324,0.130071251547335,0.429492175891600,0.955852995140652
7337,0.366046272039535,0.701403293954187,1.05530884555537,1.29020049384004
7340,0.249614536375137,0.696864685490857,1.05681158600120,1.37943741374970
7352,0.500941461723193,0.926171276522416,1.16020098586174,1.39524983548680
7356,0.163214932793985,0.613484883749616,0.719025478807210
7365,0.210243734263058,0.875151974236588,1.20809296947085,1.39957878578383
7369,0.0850045833389351,0.456779291548348,0.691875500915692
7373,0.764707482598932,0.821188859523332,1.20573439182144
7377,0.313142983114751,0.627115762193355,1.25633499036989,1.46211233234897
7404,0.384147304800121,0.888431385720681,1.06436373266070,1.44804318282458
7405,0.0736508885913311,0.371618638209076,0.951080619599653
7417,0.0729613472237190,0.592374277535294,1.16196886225109,1.44747000254545
7421,0.245529321085405,0.435892511415610,1.08076358726073,1.29853172063769,1.45909525421501
7429,0.212593087862182,0.559275687102485,1.25006690178410,1.41779318555922
7441,0.279925026906965,0.616464864300795,0.836422948582689
7457,0.192681506338130,0.662438167560842,1.10221483951021,1.37940626615771
7464,0.157666317384412,0.387625466072391,0.997630576672904
7468,0.133938228256301,0.662239092165083,1.05095701598732,1.39794878142622
7469,0.0537280607902802,0.397502911700435,0.899760914662107
7473,0.539850634205340,0.848383890250559,1.27968707240129,1.48112801863623
7477,0.377935773363204,0.792112788249937,1.12554319305678
7480,0.493887763813947,0.939769501852714
7481,0.0437826774226718,0.566724704860363,0.877766414546230
7493,0.338287984493018,0.655961639409336,0.928373524073989
7496,0.242403981966597,0.872051159796760,1.01726224688915,1.30888660181860
7509,0.143704978368153,0.584042839571339,1.06815841358333,1.31001375880308
7512,0.435494539301228,0.883697701230522,1.28209225868705
7516,0.346994115309727,0.798857127618685,1.33214100705592
7521,0.316732373454288,0.867416136759015
7529,0.355654919527040,0.479869848778323,0.918112126421798
7532,0.224207539105783,0.772436313654601,1.06749271320972,1.36723923497862
7545,0.117023762760436,0.704923956430130,0.948612779917362
7548,0.181614496152800,0.487475713791246,0.962794280473438
7561,0.159840817592460,0.562100383078818,0.910954722031147
7564,0.481590522738426,0.791469485031348,1.34852565280752,1.44690413430819
7573,0.828465581284291,1.02070485137741,1.41300507089319
7577,0.183703722779391,0.425879002474186,0.951018483968327
7585,0.248498717015068,0.540298459106550,1.04212200848824,1.48355985372401
7597,0.649243125361283,0.927123430177323,1.31751817051082
7612,0.0716899549099067,0.749802809262036,1.09612375986222,1.38463343840137
7613,0.324415696989288,0.797417720925966,0.930114793429701
7624,0.207097125840607,0.652386675577739,1.05112059096378
7629,0.229321649618876,0.438988459037531,0.943402680425246
7633,0.431973855691377,0.895308597571325,1.07781194501032
7637,0.407180152660501,0.872708213032890,1.11413430814823,1.47575989169739
7649,0.345931761032303,0.677993125966115,1.10212810487776,1.34591045127050
7665,0.197793995512441,0.587968306534276,0.931947409933178
7672,0.0758066539577562,0.205445684687143,0.782991392204075
7676,0.398494382022010,0.950643654629714,1.19698006376409
7681,0.330536544296673,0.792362816234748,1.29147583408439,1.47696608368084
7685,0.133344832657179,0.547746439243529,0.976856068974050
7689,0.398469749335440,0.810025461117788,1.12171068469089,1.27072042805166
7701,0.0529914981917597,0.523907304483524,1.12924794290679,1.37278503180630
7717,0.0206749492267560,0.621028954112337,0.867899092671178
7720,0.140816615089170,0.964791028779228,1.19223759210689
7724,0.173570442853888,0.586579313778804,1.00824083383171,1.24229445171346,1.48379163495910
7729,0.254440701244476,0.771876423817533,1.02121987822232,1.32682753156687
7733,0.563145052294648,0.985273319005618,1.28561093164609
7737,0.464188576376299,0.980276621765118,1.17396455855049,1.47963207747337
7741,0.408478853592065,0.573416825720450,0.983777718471908
7753,0.0576933921621921,0.429055919727246,0.917219613742338
7756,0.120363577882761,0.554643293199480,0.855077371191001
7768,0.0419410169132308,0.643972860492699,1.17629710749656
7769,0.0570497438645527,0.199418166480630,0.880886848690920
7772,0.541094526062206,0.872811538400776
7781,0.461844985707593,0.879947922830173,1.16970295057853,1.41903596920428
7789,0.460493220814351,0.696346290379034,1.24660499778429,1.47410156361491
7793,0.467786635838060,0.798954065788998,1.07247532189518,1.48219254069728
7805,0.401519129745480,0.627568978226051,1.15221595763035,1.26100859951385
7820,0.356941888856084,0.769388481300226
7832,0.342875963665880,0.829403072692642,1.19830241355971,1.40068142519805
7833,0.405780331402474,0.690429899757945,1.13058778849614,1.33400680034038
7837,0.195132093622733,0.896397101591087,1.20526776133869
7841,0.329413395327825,0.486542221155560,1.01163488352109,1.24266742467941,1.48019193042332
7845,0.290975132285904,0.863215357729888,1.06019064510967,1.39290037267079
7873,0.221478838904223,0.317299597773272,0.863864662357181
7880,0.591049086168321,1.03383026563214,1.31330011157734,1.44886631694548
7885,0.254498816331697,0.574141981117446,1.09399565064919,1.39784781469760
7896,0.0767042660262021,0.631307414804611,1.11203438736620,1.30723692994970
7897,0.226061780236129,0.718697315180445,1.09691635755914,1.30008598900011
7909,0.226626126965098,0.403249578107351,1.02179734510169,1.28237591043026
7912,0.481314947883105,0.900245397704148,1.36621754547569
7928,0.146441558297549,0.544857323157387,0.953119488356796
7932,0.370727532219560,0.877807861658272,1.29352347377488,1.46901209234775
7937,0.00891854315963776,0.420311243048431,0.750854914350717
7941,0.0781942480615982,0.553428688876021,0.935978548290806
7945,0.0103395302508751,0.354637105755002,0.779926466392930
7948,0.0950193811428092,0.396023434986467,1.00191582468793,1.35859520923048
7949,0.101375065362803,0.277919313243622,0.847499364287271
7961,0.00655099586846801,0.280423740638334,0.773603856939209,0.924707140278490
7964,0.320921306953886,0.733671453378440,1.05039902113860,1.33771054005422
7976,0.0209376635176210,0.505526755863992,0.857997279322635
7977,0.0697627298206812,0.569451265379081,1.10511827612801,1.27440213384035
7980,0.139884711631032,0.298137485319784,1.01243484418274,1.14726364403098,1.47526273812641
7989,0.471534268145506,0.802564299708314,1.05345091727436,1.34300626395636
7993,0.0357877079939489,0.410492300562684,0.678435526427067
7997,0.561883969525836,0.939877353179521,1.21164471294549
8013,0.116387539957027,0.677141632141883,0.897151605438129
8029,0.134507178363770,0.629061471434843,0.830176848142799
8040,0.294826108606216,0.790041014405758,1.09853345702491,1.35168773212490
8041,0.337466834848480,0.642404338339792,1.03807324009727,1.36330775637137
8045,0.206200009102836,0.529522933598454,1.02905620605995,1.20708308439206,1.46693102610800
8049,0.0529021895430223,0.543882118407498,0.907617194668648
8053,0.198087215721204,0.597575032489437,1.06578906861477,1.34933307181613
8065,0.490794648676608,0.928366690730874
8081,0.323395946143343,0.645025129081981,0.984797351337182
8088,0.331528972537199,0.972428238573308,1.27726497141698,1.46180129335455
8093,0.338131206392079,0.872275789138950,1.22311776943180,1.48152348719839
8097,0.0562767941601752,0.305126249139594,0.875284797978316
8101,0.281417179437174,0.831366482582510,1.23501682623888
8104,0.271311218106592,0.632171597477286,0.792993553975902
8105,0.0702841708051425,0.490378447752335,0.723139469868343
8117,0.180370845866563,0.614239093952409,1.21470298263634,1.36743905869383
8120,0.295395137473878,0.616646140730797,0.927145655594213
8133,0.602044285716101,0.940731442152294,1.44669500643504
8140,0.479698902880635,0.659204527557594,1.20504131810400
8149,0.437410911912932,0.701974670344226,1.20265901538785
8153,0.0810721450357912,0.512655605589011,0.948735396510534
8156,0.206882474379430,0.766242830323563,1.18170517917450,1.36147668957338,1.49039960416997
8157,0.374219650247753,0.565771757837204,1.25161574969204,1.42066225225294
8169,0.161563514589020,0.733836102487451,0.949320320620050
8184,0.00617666962060222,0.439329530186480,0.571383633686622
8185,0.117589788426493,0.463242222838631,1.05918398002753,1.20206116315436
8188,0.473442122444197,0.796666074829026,1.13334811500068,1.45217965574452
8197,0.270725217729226,0.711065251495741,0.874205356671090
8201,0.255422544758689,0.574342201398195,0.808495036923284
8205,0.0609585505922991,0.394812673934552,0.790872640189160
8209,0.189761098382488,0.644814174843357,1.19180430274997,1.42421420901070
8221,0.129394374210645,0.584743069937376,0.984155084651984
8236,0.352470915686470,0.565677433653676,0.978540081389363
8237,0.370296440303001,0.502123733064687,1.15958689324514,1.31131227529111
8248,0.0721899325583560,0.747774896380354,1.08875996760918,1.30274622192154
8249,0.0361037691892591,0.462795690781351,0.758922503758857
8257,0.390663479105250,0.593721340753802,1.27166436580040,1.49404064661129
8261,0.0356357913013088,0.558919387169726,0.814074346237954
8273,0.0795649701339805,0.238319799342590,0.550952601274791
8296,0.0933755661434291,0.450575353715574,0.706081296987040
8301,0.312064629177801,0.813699635390074,1.06103341505368,1.39184112775341
8305,0.0993536240440054,0.406568081021535,0.684327425159860
8309,0.175869425504482,0.636236689263913,0.967504918829815
8312,0.182378812850751,0.701431699226238,1.04038604075893,1.46642583472386
8313,0.330921582440771,0.705850666714672,1.13457741775676,1.38703479010716
8328,0.0575979601369003,0.670510285906084,0.993909737053870
8341,0.0474386872536954,0.625006832898836,0.941574847290577
8344,0.0750049145560344,0.512379388697999,0.689571034179414
8348,0.450646531044099,1.13182807072679,1.19292521432125
8353,0.300311217415103,0.649285644088226,0.981052524268999
8357,0.103106327478236,0.417097182197336,0.933021000453407
8364,0.157334676553590,0.638826831014040,1.01626699875242,1.30519867633847
8365,0.175322748409710,0.618797547132615,1.06795212059184,1.44398335608497
8377,0.413758362676917,1.00070351261797,1.41967335928193
8380,0.430654745077637,0.935342501833810,1.37092567965464
8392,0.166747291944479,0.680291548958200,1.12747840275616,1.30738807702149
8393,0.318747850330731,0.724364165491601,0.996662838429874
8396,0.340358533996228,0.482709300998666,0.913043120943967
8409,0.175342599918272,0.368469577115953,0.891688788986283
8413,0.0267037230032954,0.263291409760810,0.781784277035702
8417,0.353516518658603,0.916912364231143,1.15214018906510,1.47392886689018
8429,0.357115736452770,0.715836140044551,1.06204233620122,1.30243320330109
8444,0.478506414528612,0.797705302518202,1.16559779795137,1.33906911679576
8445,0.234015950520101,0.518530855224704,1.02310866240334,1.29630636508794
8456,0.100734829233187,0.337540895428060,0.777754597182661
8457,0.506672198884488,0.724117690255282,1.09563538431285,1.29024575578649
8461,0.497824068311034,0.756104537330403,1.24651306474546,1.36119656738944
8465,0.189968118826370,0.628189370176669,0.907139701708668
8481,0.122407566941489,0.623531473834518,0.970857271193543
8497,0.566505827222624,0.768040440588653,1.35257532780380
8504,0.618606931038165,1.00413705505263,1.35572667260465
8508,0.155047045644875,0.721581338441665,1.20199677389691,1.47309692620987
8509,0.152102359188761,0.678835341089336,1.07900407445759,1.43223148835457
8513,0.0160840200337229,0.704938204750328,0.920801370233491
8517,0.362358722039828,0.997754621238119,1.30062972777541,1.36059072525766
8520,0.169012347951922,0.666906388670258,0.831469001232643
8521,0.341425989174323,0.616250193011311,1.13879669196537,1.34540827251603
8533,0.0583076535780727,0.427584989099472,0.943705123743805
8536,0.178988573060030,0.560546341790736,0.933267423520692
8549,0.415046076210662,0.585265985910697,1.03366828137319,1.46761874967443
8552,0.679158754130647,0.817175569985531,1.30866345699370
8556,0.674920192069908,0.889950782213505,1.03827447741217,1.47481923187903
8561,0.0398614402197301,0.407316463289554,0.752154852835877
8565,0.0669119676034418,0.433284587791140,0.854240529861275
8569,0.0850591902481447,0.434356917222402,0.737833011741139
8572,0.705303914684947,0.906284253831644,1.08869672823490
8573,0.00184559885622973,0.254965644180440,0.808159406392426
8585,0.405398429066901,0.576181010691895,1.10479398185177,1.35483442391655
8588,0.292609393419511,0.601358773786233,1.13058423000007,1.32565165541404
8601,0.267949033809518,0.548447181691665,1.06329220608125,1.31379847022662
8617,0.341025721844184,0.868426949166763,1.19536262678762,1.36679367530176
8621,0.277415545386160,0.578192454502700,0.834828481896029
8637,0.120098996848402,0.654393073934637,0.928231045481735
8652,0.295913368082513,0.677196930489685,1.05923864907977
8653,0.541670249118889,0.816641748712558,1.44049384596503
8665,0.142395093870869,0.744724007650122,1.05211090395185,1.35971178251969
8669,0.761065336746581,0.897766323856788,1.26069586630258
8677,0.246231323317724,0.521536768052026,1.15357190677576,1.32583245244828
8689,0.289473581242465,0.477288644401747,0.914852250995596
8705,0.289973870574201,0.773312248830692,1.13886402407886,1.28958584106007
8716,0.122930080109188,0.861516892883671,0.958600138086310
8717,0.00828016983637021,0.268691337523907,0.869646226523970
8728,0.398727049135798,1.02289457680334,1.28935799165358
8729,0.215755005069954,0.404348670772349,0.864468707648981
8741,0.355731698112939,0.762243813027679,0.934455147851952
8744,0.331678135853075,0.679311031921311,1.14049284035183,1.22620102500782
8760,0.465279082788435,0.823918500182782,1.19993242272021
8764,0.350440002512491,0.761514783180344,1.23479411244855
8769,0.107534386426350,0.338595186960478,0.698201251470574
8773,0.269113536583927,0.807584329949483,1.18422242501127
8777,0.0283906107288005,0.650506871566445,0.918522023227740
8780,0.206737129114353,0.817336899281099,1.09320765664629,1.35418573241742
8781,0.419461005546162,0.722532399332494,1.13443791877725,1.35575801228711
8796,0.248830381246538,0.613046811680495,1.07058448854569,1.23840775298776,1.49063063438959
8808,0.189891243350049,0.735366968854221,1.14546893513927
8809,0.0981084272663979,0.585070589763979,0.956348726274320
8812,0.363230363680006,0.733728394689716,1.10071460118596
8821,0.231748676769596,0.685100832030657,1.02408281691370,1.40132726797323
8845,0.132956912609878,0.462794142809678,0.881866105623711
8860,0.200148160447212,0.399692506365758,1.22866070635653
8861,0.304332423121672,0.669495767083585,1.09370771620342,1.37312503980510
8872,0.293533540361382,0.404434889533667,1.10836058186754
8873,0.357725235310099,0.991722226501473,1.13455466780257,1.31994899960939
8877,0.478296354414841,0.888053061427876,1.09851249001446
8881,0.478059958053689,0.823135267505695,1.04399743226524,1.39055774341338
8885,0.562915569214866,0.751142839471579,1.09296636863479,1.45602597751101
8897,0.197030645700322,0.686376324614944,1.05867898665834,1.33108056779503
8913,0.333881704401187,0.557469332259795,0.927055739127404
8920,0.309928759517102,0.842939317707773,1.07957802133651
8924,0.0669367218188999,0.469805982570145,0.894116737530381
8929,0.609229335014180,0.723702844894672,1.16144124180145
8933,0.0620239598393197,0.584302678277248,0.951404770569037
8936,0.332800667224059,0.551262478437694,1.03836454161015,1.42530920411815
8949,0.221367606384277,0.620895806291152,1.02770654586519,1.24196719372221,1.45718547194058
8952,0.207631578374602,0.546013478837457,0.944110064424742
8965,0.0932558331813925,0.485039330135620,0.902439830899049
8968,0.117815124165380,0.927851636657202,1.22492110282064,1.44983293899722
8972,0.241242410745127,0.441197798649535,0.836322802092109
8977,0.0294248553201516,0.704340015530231,1.04579516862211,1.46482055191484
8981,0.116751203864651,0.588726812162681,0.986975631429776
8985,0.419678903183682,0.839039989828929,1.29391961344163
8988,0.158250212790896,0.611081612403507,0.860172470137808
8989,0.276696777090311,0.670798070834175,1.04393111331377,1.44073529781965
9001,0.197368131360058,0.563881655712193,0.937321197517398
9004,0.126485103595861,0.415501561607022,0.969587473099135
9017,0.380100522294246,0.618162511786182,1.07906195690660,1.23541108058504
9020,0.133367631962833,0.487954809217367,0.968957568286849
9029,0.535796974840471,0.837769497357253,1.11676757249319,1.47059610869425
9033,0.590072187423836,0.841574256426906,1.05727552032650
9037,0.335506688118481,0.865144957717996,1.12830420167036,1.42902721237204
9041,0.0437052980223016,0.454776520056199,0.740925030979661
9053,0.0638918430678260,0.790871009642294,1.00387590109048,1.45084404587462
9068,0.423474411969292,0.805160884910541,1.15289858261653,1.40443484618619
9069,0.166403126003658,0.572823680190405,1.09654196299748,1.28988455516117
9080,0.405454221943186,0.872128945984706,1.15814170818954,1.42023525984050
9085,0.334037369978928,0.881638063933469,0.999176757034237
9089,0.231929109132808,0.583286645091678,0.880584248814557
9093,0.221811936007782,0.849553702063912,1.03305769428595,1.41459383224447
9105,0.160048903372520,0.655023109246993,0.898151377399926
9121,0.343384586304225,0.480476180478957,0.863217815523848
9128,0.771733050074261,0.883303753042766,1.26931761623719
9132,0.291688069812528,0.765905995868094,1.00501716927866,1.39971075574955
9133,0.307652583287439,0.435324928535090,1.22323984627300,1.34823579897014
9137,0.218592815028543,0.575926066020867,0.792577681224893
9141,0.538487538121258,0.749849028100356
9145,0.146199546769466,0.575346995118620,1.14211401674587
9157,0.0209295628996303,0.455785890844649,0.933671415052323
9160,0.0807448883625907,0.612672916767592,0.882812616424245
9173,0.289405849610036,0.576599847872635,1.20698708307878,1.29394781303650
9176,0.0762779174497897,0.579885094067757,0.972658552275122
9185,0.555972482726465,0.779021839739789,1.08418002017676,1.36347919669105
9193,0.386987110447937,0.690002278644339,1.22082796689845
9197,0.406919345088838,0.786113670850008,1.17047624383479,1.49360691000021
9209,0.376133945442534,0.748819230199341,1.05774411871650,1.17474011872429
9224,0.128879023832641,0.444914033861151,0.765604509680613
9228,0.373072235812919,0.906037165520366,1.15744939472055
9237,0.0451825254551467,0.158663324288156,0.643491220449907
9241,0.532755710917273,0.799762680291740,1.00203914196838
9249,0.0646910054938664,0.398156025320076,0.841536427424937,0.977074212017326
9276,0.359308530043463,0.594152088925420,1.25866655841612,1.44621280745226
9277,0.591635197135327,0.841846020478028,1.36417558171006,1.47366964954447
9289,0.223006008119500,0.536523014346743,1.09435315866945,1.41344163279038
9293,0.168213155072585,0.569887870787765,0.778240711172388
9301,0.292052341808132,0.628932967810630,1.01733966162745,1.38826357705137
9313,0.0558515357461813,0.512446032412326,0.838862238512445
9329,0.375515236397112,0.610157771033768,1.12406994378401,1.33932699444498
9336,0.499985814648041,0.985405488260676,1.10119721660392
9340,0.133967033104952,0.660103054995116,0.923648933430347
9341,0.131536019530639,0.378713197299847,0.853185552060321
9345,0.0422053091358232,0.406185828457366,0.847230788774276
9349,0.511564983760350,0.727079685129597,1.23538077339511,1.46853003635092
9352,0.397785435838791,0.924182957170748,1.43004513805663
9353,0.293548758486652,0.752059907644399,1.26215983764690,1.39756992138166
9365,0.323326187652226,0.669476165646772,1.08715196883059,1.33647398687953
9368,0.0907040900228521,0.774356247827426,1.06882771987550,1.35264703254739
9381,0.140188035345548,0.642295018192963,0.942493764851299
9384,0.100208801540492,0.419431034440187,0.810007611260896
9388,0.286438980035304,0.888045253571419,1.09216896901898,1.42882646817365
9393,0.217388649722337,0.844671481884246,1.03744510695524,1.29401687640892
9397,0.325753806606055,0.793173506129578,1.13678488791592
9401,0.298997643249974,0.645246944485252,0.878296463382068
9404,0.276862940088365,0.821805921857640,0.992329860868810
9417,0.180396583619136,0.555994970417908,1.00425588685735,1.30376083592759
9420,0.0703182079650811,0.707301140453878,0.986740226306830
9433,0.122292586537231,0.341773091531883,0.978965783167286
9436,0.0610777772758637,0.421802014560418,0.864110542466228
9445,0.331143084366746,0.483484605823486,1.17692705173087,1.39580750174303
9449,0.114567896474692,0.543808647398142,0.949793762633440
9453,0.501633231020334,0.762538849746226,1.22958379512430
9469,0.0788294878479987,0.528005913567368,1.00429175730802,1.17271103469709
9484,0.281520114833481,0.661285956870586,1.04797774143826,1.31982453348977
9485,0.297017856152414,0.704762563887262,1.03197914643575,1.22624610187511
9496,0.286567407344157,0.565140470882643,1.05087768418042,1.42342788245846
9497,0.479178125511347,0.688424946955448,1.17560874008984,1.42405628002947
9501,0.551412677084403,0.803719288413518
9505,0.332587070010817,0.886907639207376,1.15175723796761,1.39417037193802
9509,0.0387039849670644,0.398616535334078,0.755627997539992
9521,0.362149749935446,0.691442136160658,1.15563103049561,1.36691184696770,1.49892975042338
9544,0.101269159727489,0.303264470872801,0.646762399089825
9548,0.434758605254927,0.833360850602502,1.04699318237517,1.41295991735775
9553,0.498468434168918,0.869312456487930,0.984073313774881
9557,0.0992624768949504,0.480910036361550,0.963763759006537
9560,0.286571971969527,0.616998377845631,1.06944203398825,1.32730552201779
9561,0.0863644057287254,0.379055589266870,0.635705230971500
9573,0.607323071806893,1.11299709116807,1.31858076909347,1.49532745904387
9589,0.134703416045047,0.448542716236687,0.984334832915092
9592,0.312367111169054,0.763206181828149,1.26160752995077,1.44691124503390
9596,0.102276223230831,0.501482809343844,0.965034092798178
9601,0.250829852579969,0.682676835021013,1.00029714691716,1.44535572544223
9605,0.228072574580831,0.396688232794638,1.01681616257410,1.18422536503454
9609,0.231076178644386,0.605446906580938,0.826714290709159
9613,0.0694855207857945,0.734662719179237,1.01912167615804,1.38782640497028
9628,0.0500499166198605,0.410742656503115,0.938214439328879
9640,0.163255531392134,0.574348190629415,1.17242606630931,1.33282680373069
9641,0.427111661967839,0.687955826701648,1.09098837238142,1.20071846531435
9644,0.0730304928108907,0.546979185155699,0.915902629492819
9661,0.395823256496216,0.902463509830722,1.20117051243959,1.26592298925987
9665,0.455099293264857,0.839500268494241,1.14206763272477,1.35330946010514
9677,0.0708747723566326,0.724480578376744,1.09977339100347,1.37537374295134
9692,0.409650781497139,0.781760085482857,1.12979710303910
9704,0.521047594927237,0.832564423656930,1.13028414965975,1.36904241122173
9705,0.366651070255545,0.795889090637581,1.13980089947380,1.36402092534569
9709,0.00238839153407717,0.333810096650778,0.865985113144154
9713,0.166910164865581,0.354399557420063,0.948839958318747
9717,0.302054591951818,0.666610248980814,1.12530767710194,1.42637408048691
9745,0.176762947620617,0.281819250613111,1.09488146209253,1.20066638614691
9752,0.636707277896604,0.928060570313848,1.23028832768862,1.42784302178583
9757,0.240781535167157,0.612652929110572,1.07234108293080,1.37536060888211
9761,0.327237488651992,0.533307684036102,0.903252174890772
9768,0.211257459018538,0.605469337207991,0.863577352515721
9769,0.404203693088148,0.614684196797905,1.09989382758610,1.28953570959368
9781,0.0916280080872157,0.605465883228567,0.834022862147553
9784,0.394546276590311,0.463746169820047,0.784434365908147
9797,0.164431747739172,0.712257775532270,0.976432540599252
9804,0.140360926351879,0.435385984255737,0.897417866858920
9809,0.505474527074239,0.843075479522174,1.09948955067821,1.41790776244117
9813,0.0335439474599697,0.391934153148590,0.744708888638362
9817,0.424945263842848,0.826411175851896,1.03707902059077
9820,0.0495968691868562,0.391503844894030,0.882166697388152
9821,0.0972725622602206,0.388921484353190,0.832106076668907
9833,0.340365400620213,0.724439157594354,1.00359712758798,1.22088390644518
9836,0.278265987423216,0.753574891539788,0.970989065964129
9848,0.125913408065737,0.315028748998557,0.569885282275206
9852,0.573248251138828,0.877880826677724,1.17478060293370,1.39216141562504
9861,0.0359385851024086,0.272715150869743,0.628135551807532
9865,0.229447264031241,0.742773565274325
9869,0.184274352879863,0.687383593757856,0.954686655081312
9885,0.235121615564811,0.485189509018265,0.884097760252355
9901,0.0868032512013998,0.369781320025210,0.954145644389901
9912,0.381020259410223,0.695358329241169,1.04403900473490,1.49838198689842
9913,0.244204824588794,0.669271117335370,1.03569126240459,1.35867951937136
9917,0.0946501495244010,0.563436612248504,0.960974404577776
9921,0.132519629268811,0.418958289336015,0.817736852506744
9937,0.196908717746725,0.429342047857517,0.990628071672634
9953,0.203395750627973,0.659739654788610,1.12813550740060,1.36147908760003
9960,0.498942811903765,0.936610816314380,1.20975058427578,1.37703385580358
9964,0.140642842757370,0.699386400900277,1.03847674219395,1.45546420423197
9965,0.0167921178027417,0.426137404184603,0.770354546877506
9969,0.0666659572869571,0.621820577676800,0.805862570500863
9973,0.203786709271300,0.626885530014568,1.27693537150290
9976,0.0169715304492000,0.623164203031535,0.817589619193253
9977,0.397843503001698,0.872123705321185,1.04642098347999,1.43803201637606
9989,0.376235109794568,0.678234710435651,1.03112811764458,1.32597979178326
9992,0.177951298977429,0.556148284032760,1.13596722954231
10005,0.150551067735956,0.533323588127903,1.04840533459389,1.28699778376096
10012,0.256738429467250,0.704845671852810,1.26581756755177
10021,0.527780132798845,0.740755164829160,1.17578329304879,1.46542901460938
10028,0.262233773901089,0.778939261627662,0.907675613558411
10029,0.245140687988359,0.721857863201519,1.16815488698161,1.42406736414817
10041,0.128321657293472,0.698673277879967,0.883897636086525
10056,0.395942079754814,0.690808010642855,1.19496653903276,1.28370860384619
10057,0.0949867104914631,0.541155757150527,0.754487749787650
10060,0.265972002106616,0.901844222200179,1.16933054889661,1.34676444098614
