8,0.541049543357337,2.42109502305476
12,0.836532877310561,1.52883793621111
13,0.556974381100174,1.72567156514610
17,0.562395328386092,1.59230113230370
28,0.147468459345443,1.14546383302966
33,0.529775294932938,1.05271075597336
37,0.412952678901439,0.854684350402405
53,0.00829271613074040,1.26633100212486
57,0.197000022594525,0.812414346963676
73,0.359191347195604,1.02719571817441,1.19868762000981
77,0.381102207297360,1.12255110794378
88,0.0335555149538903,0.890397830468163
92,0.356311346810805,0.845126463729405
93,0.0211447661969631,0.825431158156724
97,0.0631275092816500,0.972614348175766
113,0.0266993159171183,0.961416426622951
133,0.331358968302546,0.799425367847400
137,0.153068988862605,0.684477878427012
152,0.316165187820640,1.06289216902782
157,0.292084572327706,0.881241519106555
168,0.216036181439931,0.857820107107493
172,0.0146782530517301,0.769078854286080
173,0.369673075135030,1.18627228021945
177,0.0634449211056881,0.794697791743869
188,0.0823375191353859,1.07784321976234
193,0.169250930403128,0.621082251571697
197,0.0400997428707571,0.775600048562263
213,0.237736994045426,0.958251119843997
217,0.228882046709167,0.705397126714841
232,0.266291070671794,0.666202332600603
233,0.200247608025856,0.697792755224577
237,0.0390875909221119,1.01371580131752,1.49424628377816
248,0.266924497440245,1.07415465062964,1.42751567955312
253,0.0928180670256953,0.496360768213481
257,0.0887352247629997,1.06365906653724,1.22752111034980
268,0.115009703152369,0.562597742954579
273,0.0172188244056087,0.708693482019065
277,0.271749566657021,0.658249660335101
293,0.124402187662322,1.01204225642150
312,0.260995474779808,0.669816049668764
313,0.372154775096873,0.812244480215140,0.960698539014767
317,0.121720742281611,0.708390646692080
328,0.0775304304631116,0.866668474951267
332,0.156700351067115,0.982653555224069
337,0.131305888590825,0.747553633053066,0.920012407945343
348,0.225342999199469,0.960421523584437
353,0.0462161751503164,0.831608479808543
357,0.0332115662310910,0.757229930867514
373,0.255389948245205,0.646611793803759,0.983300575866180
377,0.321403305901930,0.771069845649315
393,0.0139223256448157,0.686678732790600
397,0.0610172124130568,0.753258081228080
408,0.201666605531948,0.497452323248828
412,0.372618041364863,0.678138058365121
413,0.225122111491938,0.801596008657147
417,0.0129882006020523,0.608597299860461
428,0.186225552108131,0.723025837644547
433,0.261424756363945,0.782180644721192
437,0.112798174570789,1.07975775498976,1.28797035728237
453,0.298384115818030,0.860901282976176
457,0.0613732019133159,0.397329969817529,0.997744770971778
472,0.269374309399503,0.785772654486315
473,0.00869493722329045,0.440365798917085
488,0.228150314936717,0.933854023665685
492,0.145476625934481,0.560848195097990
493,0.119597047337288,0.854011948784440
497,0.109613603937429,0.673268416131006
508,0.00304376363049133,0.684853213516154,0.982964903485292
517,0.193041490663809,0.803237390177816
533,0.0725318068227125,0.698767356001863
537,0.283154290944382,0.767179355402480
552,0.0479347915027504,0.705127434134521
553,0.246516502802101,0.633585521986544,0.942171081310829
557,0.0614345829706331,0.527181700377475
568,0.0651471244595695,0.482393737134061
572,0.120092175726001,0.938216753997849
573,0.332925890440200,0.911241213594673
577,0.112514235288343,0.708604705841565,0.939082417760209
593,0.271075406314918,0.595038604060649
597,0.175590828961306,0.783406671013286,0.920090198270895
613,0.286998587391255,0.498728643666499,0.873323699903483
617,0.204593425053800,0.594486168569311,0.942631018139649
632,0.0786053675156534,0.598544597472296
633,0.120052071629095,0.829095224709380
652,0.152590297274152,0.450633438372274
653,0.132428301388162,0.546605358810076
668,0.383711441045928,0.788885087891705
673,0.0575637771649408,0.682545691515558,0.850218519174055
677,0.542946768998617,0.790955257809895
697,0.161326250072052,0.541898829737610,0.887718217418867
712,0.193869455202735,0.667719482583029
713,0.270687227011838,0.792322591063649
717,0.0208670502833824,0.886376599664822
728,0.0524510458450260,0.905257192419334
732,0.0350427380983791,0.465992786122772
733,0.122121117389379,0.628005162038960
737,0.342047865503808,0.643654268783114,0.939168966783698
748,0.0356654673124853,0.720957583596136
753,0.171807236472256,0.552095330740543,0.966007473060401
757,0.0359189835296518,0.600509870973459,0.872579036295169
773,0.302424794967108,0.815275720460076
777,0.233672538398390,0.649378822163898,0.984649553781106
793,0.326135393614567,0.437448239634073,0.954929962090121
797,0.311191731688486,0.893563700687589
808,0.173081121512600,0.615421856996636
812,0.120176480718292,0.686993147080412
813,0.0903015929030201,0.648199176912758,0.998997865984803
817,0.177837201583241,0.702394446499317,0.982131631363826
853,0.299066753212008,0.615644986090673
857,0.0996998130452088,0.939453145764406
872,0.0431258613364872,0.601804011391256
877,0.0355397638080416,0.441484058019400
888,0.0756470496128766,0.810183356914736
892,0.145504158583618,0.787459260287948
893,0.0484926003448104,0.588310578178669
897,0.0361880177376370,0.492143037700178
908,0.0479242828433558,0.810278301304828
913,0.146317960412385,0.648735900480974
917,0.242895208112026,0.444887761983849
933,0.274451292726882,0.597766789418306,0.998881917587822
937,0.0431416371082124,0.544488811213884
952,0.122011033848350,0.811347750672992,0.877695248362238
953,0.0708030124487041,0.685663236397941,0.888024066562728
957,0.286810260849054,0.634844535895702
973,0.0561446927756702,0.637317344218979,0.885835888127833
977,0.130237279795610,0.565338320841403,0.857460704965395
988,0.103861821357395,0.631626586644302,0.877465608411399
993,0.295946399473594,0.552334108283961
997,0.211062582258953,0.692505832332690
1013,0.196892953492337,0.852825586461253
1032,0.334684665484929,0.637593868558748
1033,0.144175632054501,0.543519697872579,0.700979712419692
1037,0.150218094028759,0.642507470718485,0.987808544150843
1048,0.204331414480851,0.801270097014537,0.927239174021663
1052,0.140499252945552,0.599355371705791
1057,0.313165092909669,0.602851525953532,0.919590229332247
1068,0.0846750722907986,0.492696013574945
1073,0.107171271501136,0.383574455260826,0.983505974348420
1077,0.211143354805277,0.840470280500518
1093,0.0719416355271209,0.485857845291434
1097,0.0234993954313110,0.752911611059579
1112,0.455295727165265,0.686938095139590
1113,0.564954011256567,0.913238635363761
1117,0.0291981612719397,0.591048159576121,0.998357342691684
1128,0.0861057068960245,0.577510895729732
1132,0.0226789045277136,0.725890688584116,0.978752307357758
1133,0.0260403064170831,0.894508401113428
1137,0.0792841318949754,0.636006741764117
1148,0.352829216403540,0.720862041133057,0.949782663730832
1153,0.123225192875018,0.664881382402128
1157,0.282641348203566,0.453036727271867
1173,0.266832406844502,0.648502959087002,0.917715668527456
1177,0.116483646704970,0.439501566191569,0.811998067584327
1192,0.142529188104473,0.435334146045226,0.951643875290958
1193,0.388291398446866,0.772947748947068,0.999668047321999
1208,0.340120606542584,0.385031051255648
1212,0.272364138267887,0.618050454189846
1213,0.204444398889918,0.428033615746835,0.902077288609857
1217,0.176494669235440,0.584298922208141
1228,0.159529738745324,0.581839072286428
1237,0.300284259456561,0.622103371534865
1253,0.236536523248136,0.657677234604764
1257,0.321155946766489,0.444639358938669,0.975643499792700
1272,0.0815256884775437,0.770487081890394
1273,0.151086396411910,0.566545699041016
1277,0.0244537105690128,0.769985610015309
1288,0.0627767390598569,0.661622378962572,0.942947389652076
1292,0.122336768057292,0.623144021315445,0.971585651254615
1293,0.347326450185632,0.620874148495337
1297,0.159420179904565,0.571343238475861,0.790157322204852
1308,0.282462313182932,0.775659830322301,0.905758982128882
1313,0.0105796170355182,0.537159791286928
1317,0.00605531622546738,0.536685473894016
1333,0.181260447308474,0.650218882105279
1337,0.106924183921443,0.545189447682462
1353,0.0853316345932442,0.572019655127532,0.943460360328775
1357,0.197057841906432,0.790404935991193,0.982934308423626
1373,0.0195471258942105,0.622518188622724,0.901534650662764
1388,0.0875613750561752,0.480044744259206
1393,0.199753577031297,0.404304048308246,0.883516628667446
1397,0.119173101124254,0.647713735724915,0.908623490295912
1417,0.00160091954809991,0.593081903709427
1432,0.297935695530297,0.441768161285915,0.746900699509969
1433,0.115547050006514,0.753185402672380
1437,0.0781740297231860,0.460713207079147
1448,0.0906386576061201,0.730882839803005
1453,0.176661339104826,0.525646256013895,0.905105710949160
1457,0.248815905083633,0.636013691447154,0.767473733109814
1468,0.343947308682137,0.607579029621676
1473,0.123193561187656,0.636673158832691
1477,0.0561169727493206,0.595991382269034,0.911862759579985
1493,0.0489727241517630,0.498369289569768
1497,0.300173918963696,0.537267596607567
1513,0.191713091068416,0.356634829019563,0.896220664130111
1517,0.138151352469625,0.753492173986447
1528,0.0805556956079322,0.369533167289192,0.884908730394853
1532,0.156595626702212,0.707975968565394
1533,0.00872696015002392,0.722042370209549
1537,0.00761303672545417,0.593376247810328,0.662339967977505
1553,0.190864530711716,0.843853535765922,0.920967073441358
1577,0.318598494323666,0.507186475204667,0.841965939198008
1592,0.343540288578151,0.718435666637177
1597,0.0512303696386007,0.300517356090726,0.922225163474455
1608,0.107066940122941,0.830487532340839
1612,0.0941617031238008,0.538710858193726,0.796216674488888
1613,0.0699397919152325,0.723715543148175
1628,0.149987728463254,0.571635004475438,0.916497389028487
1633,0.139146288747682,0.350154821943351,0.887557218078383
1637,0.347853718644294,0.770947388997714
1653,0.0698838958063212,0.535789165559608,0.847457447518743
1657,0.136766879178330,0.449485956495364,0.963413926616314
1672,0.252087097642726,0.631827393892416
1673,0.125798350502841,0.589370615298125
1677,0.126924264212704,0.529224239321439,0.967155443016860
1688,0.00797962503036531,0.403108128590369
1693,0.0458729858758973,0.743668892720727
1697,0.0694788081834757,0.849875948785457,0.958981247037422
1708,0.198953810886818,0.566184712713995,0.840844071247822
1713,0.187927341540835,0.663377289192260
1717,0.119472979375347,0.431132386486128,0.881640906064511
1733,0.0460264313450651,0.398379767639831
1752,0.0324737476837596,0.609388477795375,0.836821347979515
1753,0.248541793241237,0.506450224677526,0.944803304675237
1757,0.0395968464773473,0.610710755282669
1768,0.211170853703665,0.492087890503583,0.743106767920236
1772,0.151171558990234,0.496554687122353
1777,0.0342398054402883,0.595974057880008
1788,0.307141802895753,0.742503283910842,0.984586525523032
1793,0.0853437499486254,0.361190644768546
1797,0.275675485643292,0.676455935040281
1817,0.0796505803054185,0.486632090794372,0.889199826732293
1832,0.181798551186566,0.788748514553121
1833,0.0224699655858330,0.627043994161484
1837,0.157434499062914,0.722067971396737,0.927697407119019
1848,0.0764956926744721,0.631134323480177,0.917060405193450
1852,0.135310194218058,0.542446031880393,0.685785144893765
1853,0.438135432771427,0.688005009369763
1857,0.119217558701382,0.427632249665800,0.803288923920971
1868,0.201943941884286,0.661531632049939
1873,0.123909602058397,0.509831471128652,0.771881379985111
1877,0.275825242177968,0.610450306742633,0.903442894303874
1893,0.0152961234545839,0.676698893364247
1897,0.218259534996863,0.426996846613551,0.922780316192024
1912,0.137394241859325,0.630739269429459,0.761188717243866
1913,0.203493179662927,0.396411772308678,0.948411155715371
1928,0.117979334691512,0.814631020187307
1932,0.251516007379509,0.608915885712421,0.966198106581101
1933,0.0690267273486014,0.514970859897330,0.952165805475999
1937,0.268714001912875,0.611168513052230
1948,0.0118498759337595,0.478545989614637,0.833755512149118
1957,0.107884884384858,0.368686693059969,0.997274666501456
1973,0.223487560883698,0.634387710697158
1977,0.223078617978448,0.655966581698385
1992,0.119598822207434,0.479926478890278,0.924428230201578
1993,0.0905355985487093,0.574921564731827,0.982572728185507
1997,0.0606055865160064,0.628919130742766,0.839656206431480
2008,0.0622888234451797,0.698911265120550,0.935643296558969
2012,0.00266143484683098,0.770147285103057
2013,0.268326883585607,0.603055018750730,0.835493945898228
2017,0.0333295724323005,0.609507489663911,0.852239774204081,0.912210627010251
2033,0.268279449706686,0.573539352043631
2037,0.216544129329351,0.607514270898735,0.961009431532906
2053,0.00505803218597423,0.443534096600798,0.815426660516810
2072,0.275161218814524,0.444658312826872
2073,0.0982770304544300,0.621779694722359,0.794347742472330
2077,0.0492624034536919,0.603033165400072
2092,0.292187120308841,0.533627118900265
2093,0.241053738936907,0.510245135376917
2108,0.228786859699861,0.439912476298907
2113,0.0674770864467438,0.548509785043821,0.836188420030376
2117,0.147694406755606,0.649157216550706
2137,0.247606765670549,0.470821449522208,0.653377021824205
2152,0.271851724428672,0.635417448210965,0.854683884227204
2153,0.0213984810168032,0.423778297059777,0.958171847628476
2157,0.133206427966512,0.641933261354777,0.860971567174185
2168,0.307678625548226,0.777359004196865
2172,0.142166408482091,0.464909373383335,0.901254300996221
2173,0.241143140026128,0.607027937051175,0.932207958368236
2177,0.00412218363511603,0.427496107189906
2188,0.215596027530903,0.445328605524284,0.822250382979362
2193,0.0940175716919067,0.624866692951684,0.908234975139254
2213,0.0346581303019531,0.661754050779364,0.856327117435732
2217,0.188133506378466,0.672728704808938,0.913791895379842
2233,0.179473825712194,0.490072702081777,0.949678056533636
2237,0.253334919910713,0.496371020287723,0.963770593987583
2248,0.0246378448401946,0.483279906851174,0.864520416889737
2252,0.198442648170908,0.727001081446183
2253,0.144887336999695,0.703914644655155
2257,0.00384819071728629,0.540196418118088,0.970370826154397
2273,0.225884749500184,0.726519078907071,0.933550876241600
2293,0.183438926648701,0.381102291750454,0.898906074307137
2297,0.0744997048595115,0.661952316762601,0.777526026696757
2317,0.170707103641039,0.468230649234256
2328,0.228662592700648,0.520388292092524,0.872952365254402
2332,0.109873428311805,0.510151198872136,0.847886184991142
2333,0.00850836611821263,0.434291600783296,0.977236684954836
2337,0.0754430098250747,0.560955645224114
2348,0.0944930535415233,0.722101262143327,0.985124855259957
2353,0.0174129728918101,0.586641793648800,0.630062525587594
2357,0.115542590960387,0.779549605422975
2373,0.267053018875360,0.581060487779768,0.941816438318344
2377,0.0831546940740723,0.464568698369307,0.823835348603434
2392,0.241422507611943,0.662054224314868,0.851849955146826
2393,0.0842759682117873,0.836685517155377
2397,0.272534269483253,0.653549404127118
2408,0.211392252808749,0.669466280611254,0.986072890215118
2413,0.0639349953536333,0.441243573035892
2417,0.0799392805554505,0.565051291669009,0.954150393113646
2428,0.132348167261767,0.766619650241528,0.941156748885848
2433,0.121938446447278,0.480919314430443,0.761176447334505
2437,0.0723162567768764,0.485550548589757,0.751892211125526
2453,0.248841415345019,0.694346834951957
2472,0.0976376031416092,0.577921857259922,0.831943583360650
2473,0.236195636945700,0.376734505095821,0.850245899629381
2477,0.206402759134564,0.701574306024558
2488,0.375028055205078,0.602962631472161,0.839866107669670
2492,0.00774514278052926,0.690878235446774
2497,0.0183862851580996,0.711404410176254,0.940076821330390
2508,0.00549970413809474,0.509997777559234,0.820327341338362
2513,0.215266103354696,0.610748369531856,0.866759836269685
2517,0.172994283651362,0.445557022271215,0.877551661701539
2533,0.0654732927934497,0.681401149947965,0.939199076514077
2537,0.0440738327435622,0.634831042709670
2552,0.110050552183901,0.361978944124262
2553,0.166713881996389,0.472019087603369
2557,0.0960041620603123,0.395487203704353,0.947188774279001
2568,0.229995585886403,0.623953624835356
2572,0.132074652255604,0.563502882773329,0.929841381235748
2573,0.0427875148098368,0.532848259016850
2577,0.139018245466073,0.555233816323138,0.772991318177252
2588,0.147026890781545,0.759636113871031,0.961889817083042
2593,0.139733542773877,0.521404737420347,0.920992691191644
2613,0.264248673186487,0.516962394895397,0.811174723807561
2617,0.0439381104265662,0.681761556763069,0.888585034562053
2632,0.132267768800773,0.562545543868625,0.813341462745076
2633,0.257955571232201,0.432869604237614,0.744763791962765
2648,0.144658632733255,0.484502126690896,0.890507046401020
2652,0.189804953703558,0.679766198990662,0.965870777083548
2653,0.133093914120804,0.498493839994138,0.965042890582838
2657,0.226090839340605,0.521289681739609,0.895721302479121
2668,0.0815260681787079,0.483914662198607,0.852002506819053
2677,0.0912878897875748,0.607105711619413,0.940439197523445
2693,0.195848864000784,0.657751616904039
2697,0.230885262584013,0.329583047298605,0.948303850872685
2712,0.00216907216781222,0.730821571663613
2713,0.144291755438609,0.398617494140777,0.767704111905865
2717,0.0905228715363598,0.557585299725860,0.899441442057047
2728,0.206873642961800,0.451746221864094
2732,0.104631734985004,0.365341459275886
2733,0.125537410491355,0.563150870239484
2737,0.158103794489995,0.505735370449655,0.783758948503049
2748,0.102385196278832,0.678369271352189,0.812139409968271
2753,0.000437434584775874,0.344041469072391,0.929575524085357
2757,0.371605240277921,0.667743746714575
2773,0.0209326110677744,0.293350153388867
2777,0.250907301038718,0.519728271083634
2792,0.0313443331716848,0.664764658501347
2797,0.0174350298839742,0.306004586525947,0.871035236871059
2812,0.201038099114206,0.590761113280343
2813,0.237984817896582,0.599415357115130
2828,0.0214879615961373,0.592586849556814,0.978582075121806
2833,0.245034333692264,0.698409625085396,0.801960849780205
2837,0.120719559624262,0.494670944448502,0.856386856387497
2857,0.0349749076662424,0.344639539842776,0.871957354866747,0.981077528394517
2872,0.0799372129643900,0.491208066772970,0.799316911420800
2877,0.123784774705990,0.530325003867364
2892,0.227926222697768,0.393158617828780,0.761010585979873
2893,0.0489811354508579,0.528108906396743,0.786792108941031
2897,0.186972314685559,0.629834453158435,0.917140495296391
2908,0.150494614921302,0.460105310098340
2913,0.123377676982222,0.616879668292433,0.785908257941993
2917,0.0653328411641897,0.670946823877331,0.976668262142655
2933,0.0592444540234235,0.570009476709263,0.895092131109431
2937,0.134167929571546,0.379994539517381,0.892955610380590
2953,0.220564170100125,0.555404270452432,0.934482944140055
2957,0.275245387685192,0.582122713263657
2968,0.105337231699354,0.618420692065630,0.829322367339083
2972,0.0375371165981325,0.617305040409407,0.870435734818644
2973,0.209958704831158,0.671461374090117,0.926906666715104
2977,0.0660092645721458,0.209396616398181,0.915684324335285
2993,0.178895978027060,0.529500382807557,0.803038862819214
3013,0.298159474425228,0.676704383765453,0.854607221331805
3017,0.178672071199320,0.468029560160394,0.956492716701918
3032,0.164072250638863,0.618018500022872,0.732338367476503
3037,0.199010719968225,0.601845172597681,0.889351978226613
3048,0.106053326036239,0.693440279846503,0.990814384028378
3052,0.144009417459545,0.554372156626746,0.893695002909986
3053,0.172969733529074,0.524155614239912,0.981778685077702
3057,0.0983028842949028,0.536816288647080,0.966059196979236
3068,0.119842385084265,0.397160325992439,0.925429672493869
3073,0.0525043512041338,0.418824311441017,0.882433444429778
3077,0.282053286971980,0.426682134291649,0.979570879661319
3093,0.109144334913563,0.797736893177247,0.986076826267884
3097,0.105039171006277,0.558507270156513,0.833201719985228
3112,0.0512505924037751,0.308800678158761,0.991474895991899
3113,0.0731585650014587,0.631328554088201,0.934415935758296
3117,0.00699707533361390,0.631347629899568,0.848165634319723
3128,0.0816591233376620,0.692857227649502
3133,0.00911251562475223,0.357929829922860,0.836735223090786
3137,0.101009365574997,0.512274005715272,0.813167444797330
3148,0.224786563729816,0.683372048089167,0.851716416589763
3153,0.195106607186394,0.656455187683907,0.921322771686447
3157,0.116532364197330,0.557393381640364,0.876241052792897
3173,0.220410737525744,0.566966955130692,0.897912601812431
3192,0.00436753336197205,0.547669787036708,0.932439648159727
3193,0.0995765569841344,0.294104246946696,0.825917377595389
3197,0.174222843893493,0.539553786949457
3208,0.132792207323653,0.517711802575456,0.733509039863626
3212,0.167788812840586,0.595548950791842
3217,0.00521368073643371,0.292150069210614,0.763874336733830
3228,0.141376936049739,0.399721726031879,0.858472853061599
3233,0.250017537454821,0.695159893823743,0.912568400115738
3237,0.0836479104951080,0.691716973213865
3253,0.203395235937710,0.713635528165724,0.865477337036758
3257,0.191719375282309,0.492083910625791,0.784019980880489
3272,0.303875675417167,0.716891475299334,0.872104730596371
3273,0.126767405900069,0.310790428551821,0.764550825179679
3277,0.169300752771785,0.407775166584223,0.710496266244300
3288,0.321578432147852,0.619108384303192,0.981293534332397
3292,0.0491231391591075,0.420155275235501,0.849330421388060
3293,0.00589471055696688,0.588163139348068
3297,0.167379859693255,0.412947425420188,0.950493401830605
3308,0.0936122524729806,0.389885245413884
3313,0.115605171788318,0.378893043744597,0.758945436413785
3317,0.0393690560038888,0.604781201533139
3333,0.0288325431937250,0.326739919735098
3337,0.391240916355109,0.688876589274658,0.804007009888353
3352,0.227846116206909,0.603755696114423,0.837306576015401
3353,0.0747363232222955,0.598291830365156,0.907186207576785
3368,0.0261419600192789,0.358962374914216,0.926028599979404
3372,0.355583795297540,0.586383516836904,0.932313448148831
3373,0.614933323685181,0.979512510534694
3377,0.0694245119440954,0.738136987739125,0.946715044523365
3397,0.103778878856111,0.611833618065551,0.774850789126111
3413,0.0188284515774213,0.596005836244515,0.844216751096343
3417,0.138069609428242,0.400284075917347,0.786407744647677
3432,0.140599752855584,0.488955247671990,0.914759214217875
3433,0.112796878398870,0.698863596847704,0.840884511417787
3437,0.172383965635290,0.505590514951902
3448,0.239221910245327,0.498814904278532,0.838458203378529,0.982956110948887
3452,0.0710595949461660,0.486869054345184,0.922631863577402
3453,0.0697489330100945,0.632993304188265,0.841412694649516
3457,0.0412592643984140,0.615235820222161,0.889395980056655
3473,0.0605165757078145,0.374257498524388,0.853492633535399
3477,0.283445696961801,0.571703379594110,0.998173488067006
3493,0.0763392383298655,0.436724762631256,0.925323535370685
3497,0.0342333024434082,0.499456552216124,0.733471573673971
3512,0.0395764397987958,0.784182078479080,0.884425283854746
3513,0.0251587589657058,0.525606469603931
3517,0.124370882175764,0.688077424040088,0.847889057735244
3532,0.0231841619476114,0.406164819279457,0.811052703569927
3533,0.0653766228455431,0.785352789258315
3548,0.224826617983494,0.779774787514620
3553,0.300691484469856,0.425773456180858,0.648450687956210
3557,0.117660626068295,0.360338890760134,0.917435500203844
3592,0.242005532204535,0.522989183186923,0.694288795874474
3593,0.0439662383941697,0.346689941628672,0.919978612121611
3597,0.109476151442313,0.578116458762574
3608,0.182663502864149,0.584837045172110
3612,0.100496894267032,0.477061977842514
3613,0.0171378034620491,0.518056042859825,0.795610450433796
3617,0.248817954177418,0.613886333723672,0.971818449364352
3628,0.237003066575006,0.456946385875556,0.760896351139129
3633,0.0690870018974938,0.614874434258865,0.773958949565505
3637,0.0219491180310478,0.544948632098858,0.819597183780811
3653,0.227001814898314,0.635748950857611,0.953510422620275
3657,0.0323320063917064,0.774431426041613,0.838293590985099
3673,0.00475169969303748,0.443256073896460,0.961369715615016
3677,0.00414297885545304,0.471514800194283,0.891994271232881
3688,0.323697983372333,0.627399300054349,0.928379821669004
3692,0.303919012148814,0.692169876079611
3693,0.352903672277532,0.450928874639272,0.646611162342392
3697,0.126182142154605,0.335580605687341,0.800610610024947,0.953514354856013
3713,0.201875155578651,0.673025584747564,0.896029917104062
3733,0.0528130395824485,0.527232325926220,0.765662465479886
3737,0.184592885820365,0.655606389458066,0.979262777748435
3752,0.232879301506283,0.430674947667034
3768,0.0262721312943608,0.656669633615113,0.831151365764230,0.987927671570873
3772,0.0504382232560832,0.626494804735234,0.971667275120549
3777,0.0539033698689044,0.382713531297190,0.907838729366891
3788,0.0407048291704377,0.431310723369332,0.941408885241016
3793,0.219416813466703,0.557566074568688,0.844567981368054
3797,0.110990940882852,0.668096448781771
3813,0.372280137741030,0.746355650932636,0.939774350463508
3817,0.0340649042605241,0.564860981139798,0.647539720361156,0.890669665925184
3832,0.151691839729715,0.595724930383207,0.944818195754562
3833,0.0954422924620026,0.330350080839079,0.812926852709270
3837,0.233122285644803,0.510352623859818,0.798585246811284
3848,0.109256144952049,0.655424927915737
3853,0.194119740113705,0.515266342820001
3857,0.0385909232686461,0.483562304204821
3868,0.0581384449756940,0.316651306699419,0.751585107554909
3873,0.221932509511417,0.438233786955130,0.751103616309867
3877,0.371565118026925,0.472064235065975,0.903621716382556
3893,0.114163137420938,0.323108057522067,0.915639754377693
3912,0.161960829385455,0.721367284550114,0.885165527384134
3913,0.177210096783329,0.521247671134128,0.899858299190712,0.966924687019899
3917,0.129471815512047,0.579991157623723,0.892202572084277
3928,0.0290063071912364,0.411393728803026,0.813091087424574
3932,0.322867342366794,0.760406012941252,0.989855459329365
3937,0.230797053833034,0.554176087677016,0.800784849755149
3948,0.131610398694117,0.654363583839000,0.836246598604934
3953,0.0546459002515539,0.524121509020138,0.964138219861813
3957,0.00156762318119246,0.447336512435032,0.721249368100579
3973,0.000119898957234203,0.437446265861030,0.787965061027429
3977,0.0449163548288603,0.364858369407302,0.852184497343911
3992,0.0364890293056970,0.573140814317427,0.961287805335182
3997,0.143866077900512,0.432127692057216,0.836770871640943
4008,0.0152165039954067,0.498663879160875,0.888795848574329
4012,0.0469734730005221,0.472451487393635,0.729874956428847
4013,0.0882517454221532,0.365725004901332,0.910231812195857
4017,0.128604561578752,0.650795689377480,0.916152390165034
4028,0.171676496388673,0.665177799205896
4033,0.248712032007476,0.410177392801864,0.780429365306190,0.950220893735924
4037,0.0522321376969194,0.459348433321638
4053,0.186375333479053,0.421737701226471
4057,0.0164568828435379,0.501833672343734,0.902601959095867,0.956606592362087
4072,0.0207344340921081,0.566213707277165
4073,0.202969509568996,0.624451931941282,0.973350027743237
4088,0.00879165303225505,0.544093998529376,0.901607111788095
4092,0.208725913193989,0.491883478581770,0.878575862944037
4093,0.00349912576741768,0.516711886000422
4097,0.128676241527419,0.365363004649858,0.902481231034356
4108,0.244598449381782,0.625218828106347,0.845522313456697
4117,0.241759341089638,0.445722301142815,0.689778363125204
4133,0.0987140177086709,0.768144922246538,0.992349294407585
4137,0.00129222071829495,0.557658395891240,0.965163857062006
4152,0.0575199407925836,0.352455666971536,0.921546407203671
4153,0.0777130485164780,0.311178824365361,0.799738022474696
4157,0.135554871853810,0.748435410462395
4168,0.187441737975432,0.433656339946719,0.961991999427876
4172,0.103079252140076,0.589934069207552,0.937798239930615
4173,0.0313064881404218,0.459450329658132,0.872789083553558
4177,0.0100139001612089,0.500709687732074,0.944254882363314
4188,0.0378695393869487,0.504186485743359,0.927212721387294
4193,0.00449849724880240,0.528833139078371,0.895996573963905
4197,0.0946694168013071,0.425794561076495,0.826974403387783
4213,0.152331741687395,0.792712066058516,0.897160561869173
4217,0.171355184437493,0.555529663645901,0.984723803549115
4233,0.113851189910268,0.574291606520786
4237,0.185872903032074,0.418025293435320,0.765153864909795
4252,0.207010307837268,0.447039448493381
4253,0.0861023880078302,0.489637249283410,0.831989544846073
4268,0.110681683862835,0.713966388074172
4273,0.116950417711623,0.604790634872640,0.891311777188857
4277,0.135092485219262,0.623851480077266,0.929504685002451
4297,0.202437860122096,0.441488466679619,0.863927032089167
4313,0.00562765306185481,0.477664148516537,0.855780664901522
4317,0.124061398128998,0.537588981455873
4328,0.103220295716295,0.561709521819368,0.961143976836472
4333,0.0488751650472154,0.465480328238628,0.958998811283957
4337,0.202547138125441,0.450667720660504,0.723866954408200
4348,0.0455295394976973,0.497671884612760,0.631515622435872
4353,0.109114398442716,0.447293371799940
4357,0.253724309824804,0.359649946223586
4373,0.0142355481529779,0.626036857656299
4377,0.260000002231803,0.376598742417196,0.862291747726503
4393,0.245729489785227,0.402571127804453,0.730771191384597
4397,0.163830643552691,0.596183331431759,0.937558503865866
4408,0.333793103068927,0.622706127883379,0.855134965474192
4412,0.0126962056603678,0.339305711016280,0.945699440481492
4413,0.282972183323590,0.534956530073572
4417,0.0935157338417042,0.349039004808339,0.935133818965797
4433,0.102870643704916,0.536885163929880,0.653733945777157
4453,0.112474895581215,0.363937157309152,0.633133947844845
4457,0.0373830260949802,0.618428703687735,0.902956675122287
4472,0.105687460277668,0.502790644433638
4488,0.0415754533248614,0.395269865357050,0.903667298617287
4492,0.0362876892283269,0.656523676638189,0.850612757802476
4493,0.364042583643982,0.678678948210792,0.803503595739930
4497,0.210292737966018,0.530878665455268
4513,0.250516132766415,0.447626771663081,0.856790274228187
4517,0.127555316752949,0.492145310117968,0.906732370884296
4533,0.0479018776529609,0.429200763154976,0.921005851513278
4537,0.289837270239724,0.460678353432743,0.646919329231396,0.989129055521946
4552,0.0313277737911297,0.392913435353640,0.798025471363173
4553,0.298075613935315,0.595243839367352,0.959905863876849
4568,0.0158014064490979,0.535135345708635,0.890216446091991
4573,0.00856568965960344,0.289871917471206,0.932777604607777
4577,0.0537378868032987,0.557817499071350,0.934624037606876
4588,0.100176877642399,0.669708153282268,0.852194133142569
4593,0.189898754239315,0.543698150575808,0.787470872052549
4597,0.0703664930873316,0.702342597884034,0.914338793915836
4613,0.0110445610356367,0.641017018338013
4632,0.0513051596001958,0.802896172347923
4633,0.138805977214078,0.573212172451314,0.749208396620526
4637,0.180615127795568,0.554324567006259
4648,0.0321209259267536,0.355720191921014
4652,0.185072989878616,0.532431218732622,0.789154243376631
4657,0.176529941128587,0.372798327475015,0.707149871848595
4668,0.0463798214455137,0.659999739187922,0.921461146455873
4673,0.0745679104137573,0.609008862467699,0.734497887935162
4677,0.0257375466208503,0.504269553723806,0.888984290485171
4697,0.151777891168735,0.443666945104041,0.907996018169581
4712,0.0817741064366008,0.375112327966216,0.918891909132835
4713,0.240426951134583,0.336799788939585,0.708783145622515
4717,0.210078833192205,0.556620317886914,0.859118886084343
4728,0.100654970414084,0.505635330051412
4733,0.0156180984664514,0.547137536284221,0.959298322583919
4737,0.243533515571629,0.366418814424257
4748,0.000796261484233808,0.420386714870545,0.998699985061886
4757,0.153129397266460,0.588143340183689,0.717539570949682
4773,0.112210110291910,0.684221128778514,0.846748024461146
4777,0.238564921024864,0.555619963317407,0.809117446340512
4792,0.140780266175137,0.342086709204818,0.845782323094666,0.955292863922330
4793,0.309612319366069,0.477399805085898,0.995109076093513
4808,0.226439626500563,0.454744030224927
4812,0.0863345630350653,0.485440207899630
4813,0.124083000329220,0.340831291761425,0.757542119678425
4817,0.262933834041431,0.472162851695250,0.807759272278285
4828,0.213315737863413,0.562058036554762,0.984867775778302
4837,0.00559845772005485,0.511046170874771,0.802849233222766
4853,0.223517221326825,0.509139362480755,0.810086327140548
4857,0.124908679816796,0.684364681109214,0.909666076412946
4872,0.164062161887400,0.478476562725193,0.944111689026966
4873,0.00799789111228924,0.408445980305708,0.777737627772457,0.914438778346946
4877,0.108933471883408,0.657015324442450
4888,0.0957060502561737,0.473727598705321,0.776746161295837
4892,0.129126424854943,0.581657803092649,0.951913337190914
4893,0.0400894052341197,0.578367791788752,0.985056811843666
4897,0.200709514959787,0.353801494902130,0.789136151471529,0.993759770365158
4908,0.0533568855974844,0.434302380655049,0.773991881961786
4917,0.306607730048876,0.521018819551254,0.986247400591679
4933,0.118957927126568,0.530976788753258,0.960868870406085
4937,0.126377265215982,0.440536925481172,0.750264480532943
4952,0.216157711244672,0.722423552686256
4953,0.0641870559457886,0.510776745718146,0.827391779366037
4957,0.0196762106157650,0.569644491759077,0.741025528740555
4972,0.0115190978370848,0.429804158836813,0.840940206657987,0.962211117277950
4973,0.269316034023475,0.595030977369043,0.958043528931222
4988,0.0380777827915987,0.459908789117935,0.900354836840500
4993,0.200636409815653,0.485200532196046,0.689178975838776
4997,0.0524268973525519,0.638429280400254,0.959042493835274
5017,0.288799271818039,0.418542365199609,0.847691583659368
5032,0.142967385724041,0.462932208299086,0.968380717740478
5033,0.0681962510156322,0.492360586461407,0.874522067959006
5037,0.0556987106718603,0.455615018650847,0.892048025998773
5048,0.213356451564152,0.441761133485188,0.934195302196399
5052,0.0748925744738154,0.569352148008309
5053,0.0652074813616820,0.657971166876170,0.962795120132425
5057,0.0686323953642029,0.615057414750509
5068,0.248413445573322,0.488905056463561,0.848177515518196
5073,0.213282966402087,0.747844608485280,0.818445698130404
5077,0.135903022379332,0.351324420612545,0.755009896792283
5093,0.129687559757261,0.467832946609428,0.923546519059194
5097,0.0391509615620160,0.354126724554642,0.817788122169135
5113,0.0981812343573065,0.575211901873781,0.863836041881493
5117,0.209938859118223,0.436699236390424,0.905972697316795
5128,0.0726247985420906,0.339318954827838,0.847956219896602,0.996515099728664
5132,0.0221260980667790,0.602857166723539,0.760680114909132
5133,0.163771174793868,0.444703521633267,0.801218432354146
5137,0.171890919778450,0.453376834825324,0.835583959341078
5153,0.204121021702399,0.264022146750177,0.763511385645456
5173,0.165386090414045,0.499844446846753,0.856032530227876
5177,0.117866617501806,0.325027325556508,0.838921916647939
5192,0.356006975951170,0.553319628047614,0.890950129829439
5197,0.388908298018757,0.459286276768398,0.860287699090949
5208,0.372507160364195,0.490755813319478,0.891583983151003
5212,0.213131855754159,0.291897137516182,0.837585097307670
5213,0.0265611299679901,0.637806190624892,0.949737674052836
5217,0.234013701122739,0.432012795705526,0.643681420076764
5228,0.173968546400738,0.661594669621503,0.939790778785818
5233,0.174174546745818,0.366972619935382,0.786324815511152,0.969784192971755
5237,0.190584706801114,0.306435884491268
5253,0.0420273727034005,0.688966964842730,0.846075236234724
5257,0.0401863363993023,0.469624957656891,0.781266226007009
5272,0.0373012446789633,0.394295555960229,0.662599143022501
5273,0.128659741148537,0.485193591250683,0.881583599461007
5277,0.131934458935979,0.631865452960024,0.953336662062986
5288,0.0929557315978445,0.689104634229506,0.892073670031867
5293,0.100275707528009,0.339796716914288,0.885868249452066
5297,0.245173885642909,0.622912608954819,0.990978638437205
5308,0.0560049462021823,0.517908902117818,0.655427390648123
5313,0.0706710906620058,0.435680602044237,0.892328296759234
5317,0.0532016787476777,0.314711675015617,0.764189677858050
5333,0.320445539642741,0.532049794273146
5352,0.0124167010614589,0.585662612384494,0.759820970053008
5353,0.157854850094554,0.498658079877078,0.929243925499773
5357,0.0694391246207705,0.625537801852496,0.680435943050815
5368,0.105628693888636,0.526506634507669
5372,0.00418965326593645,0.654554438034590
5377,0.0932679394748879,0.364055464978028,0.753518107070060
5388,0.271161108413408,0.365552960340908,0.967975122250885
5393,0.145487284754778,0.488347960132348,0.935081298336435
5397,0.215143639744769,0.464007677263409,0.825076000799405
5413,0.00996641603118426,0.416748111131931,0.726633288813661
5417,0.170030094193555,0.654402115170279,0.990174098368124
5432,0.273792099837536,0.439502098604640,0.812729499591324
5433,0.0909498516264701,0.538817474492646,0.728310068232326
5437,0.165569801454291,0.671946338786962,0.997270934552108
5448,0.244129343824499,0.435947175692829,0.819546819814554
5452,0.177509627029147,0.520024423139210
5453,0.0648117697406456,0.415500867901650,0.941296665718220
5457,0.0520688996292760,0.347414713990982,0.813656804630932
5468,0.153484859250584,0.518913700117139,0.832901224796524
5473,0.401535251311465,0.554239618839517,0.692958111245848
5477,0.257250016445854,0.511477993047737
5493,0.0194642277873350,0.612249134024734
5497,0.121334018054672,0.489114671021176,0.582745578037516,0.976991732477282
5512,0.0890025987599144,0.644874405469778,0.842830839549570
5513,0.0569091345120577,0.313537481194824,0.986862071154586
5528,0.118408433187566,0.588154997920641
5532,0.197466834004582,0.293600898189949,0.931829252944432
5533,0.0218818486796793,0.494420584505541,0.898828276817243
5548,0.0753352796935934,0.363424677502313,0.860412881026325
5557,0.0608147679139659,0.575559672417749,0.798704320531641
5573,0.123479090855473,0.450212564977583,0.826798740391144
5592,0.303557282768276,0.584838859508623,0.954163088563518
5593,0.146574262698354,0.260978663632986,0.873147456136644
5597,0.0621974845539937,0.381829520070829,0.875384101065000
5608,0.147495265677333,0.419999658700810,0.762243861202943
5612,0.357780501078779,0.544163732867095,0.906529911559897
5613,0.132415859534962,0.749310725239491,0.916065274108628
5617,0.217122838783888,0.546305394146179,0.856448839189593
5628,0.190470294967840,0.544296092591058,0.815513421668719
5633,0.00771467747895460,0.628469893487690,0.960341291355043
5637,0.225721336186116,0.342156622447516,0.930592723066904
5653,0.00531236407460981,0.513488301749619,0.715974955507727
5657,0.0358331391960014,0.415920543992862,0.883812150696668
5672,0.299085299610999,0.443428090001538,0.869709172028540
5673,0.171706997754369,0.623907706789272,0.821882475749058
5677,0.106140943377758,0.398553786575632,0.842516838424362
5692,0.0962584168525582,0.459031452792193,0.673596589663306
5693,0.211031788019207,0.302916510080945,0.878902077282852
5708,0.0859737259529919,0.700199660252597
5713,0.00814981310423796,0.321887666491546,0.677925660635694
5717,0.0857726928124673,0.621743878520065
5737,0.273205765670186,0.423157814614652,0.579652203200889
5752,0.0367746560722249,0.634412116231190,0.917220093771675
5753,0.344125531936799,0.609015854583168,0.811178365534423
5757,0.0714323632845762,0.734886812269861,0.968850575060844
5768,0.107878105868215,0.417371840709062,0.985600634256039
5772,0.110373942636286,0.478927993995138,0.779651585590917
5773,0.124870477045687,0.491431944113106,0.986720599753071
5777,0.0878916256206316,0.387998702530772,0.843055738446395
5788,0.0582361804059121,0.727288035386889,0.837081278792096
5793,0.0879499606678088,0.351564229478631,0.715610735007264
5797,0.0903946067451565,0.570751744517840,0.745257112549510
5813,0.0221756353177665,0.591331656401920,0.991036788296447
5817,0.00615569046720092,0.473592116134963,0.919266645063669
5833,0.0485768520904679,0.526391096778315,0.561831830420887
5837,0.260833967893250,0.510479231339604
5848,0.00936778951621630,0.468071406330343
5852,0.105045131153637,0.475168832052356,0.864346076650196
5853,0.246196371029393,0.413563806373256,0.758307183140742
5857,0.0282179552252572,0.451146807960081,0.792011341322869
5873,0.138631366705879,0.599855230700029,0.842704714953041
5893,0.229889227968890,0.677745488094388,0.749121049960123
5897,0.0932837797353788,0.593277827652940,0.787565329807146
5912,0.0174280337931662,0.392104555092555,0.934585790596073
5917,0.0698361451231379,0.377897658722589,0.774198091063790
5928,0.216932897508343,0.536136229170197
5932,0.0556907843961254,0.384458732584031,0.983408074712625
5933,0.0543109103205236,0.481385637799922,0.866333219808217
5937,0.0424786623799151,0.453816614617670,0.832828209477075,0.923884407359890
5948,0.154193870738906,0.545510126143526,0.917741245902338
5953,0.256736313208785,0.525293731191730,0.829922451895404
5957,0.0227850685147222,0.582748503058017
5973,0.157802657593090,0.459512310630797,0.728064808622565
5977,0.174045465338622,0.453103541084129,0.903165726761694
5992,0.0583940765306150,0.435929590360505,0.782876697067359
5993,0.0775034208176286,0.460582702566651,0.827189755783604
5997,0.281160434487789,0.525171884513968
6008,0.109961654112341,0.418605510173191,0.746323291277182
6013,0.0895597905500696,0.592315913836749,0.681002737653805
6017,0.189485085220429,0.343894041533528,0.818300832823202
6028,0.291472574041845,0.418124777258083,0.787608058078107,0.936226617576791
6033,0.0961065396816651,0.382294556907149
6037,0.273051317028275,0.594323387018018,0.811190655744174
6053,0.221055546965130,0.453885810601066,0.986373654619116
6072,0.343924739502709,0.680873693173822,0.869021984677873
6073,0.0207726099193798,0.436748920211228,0.701867775853722
6077,0.0395710373833513,0.302543344185917,0.846071081821751
6088,0.0555378423614248,0.586799001808214,0.937065928410498
6092,0.177315382925030,0.494771176289709,0.856680748102940
6097,0.109944334414323,0.312267979773022,0.897399839923074
6108,0.0871113260476457,0.479887594154768,0.775851787767430
6113,0.0913637726656689,0.423949544769051,0.864786302919806
6117,0.248189790767856,0.542733024105539
6133,0.0980977928309911,0.406858124172180,0.799566655848433
6152,0.211503106002872,0.551346688293779,0.992127333795973
6153,0.0712295962945601,0.465160498152656,0.853874491585212
6157,0.199390587283098,0.426942379302876,0.542049066133597
6168,0.115974907947427,0.470176773075513,0.979976310498121
6172,0.00272755695029496,0.475181584342243,0.964689720226551
6173,0.00739279657854919,0.454537130042226
6177,0.0677260374679225,0.528920078528210,0.964292153619315
6188,0.0396091330426052,0.537499412119418,0.932096904422377
6193,0.329650808280508,0.485557574268683,0.779347031221085
6197,0.00259384270162932,0.475307830589411,0.778903624305420
6213,0.0751710512125314,0.406539261869653,0.940728921337499
6217,0.0227294069751846,0.302919767907094,0.791146181800043
6232,0.160293457646797,0.410789383680718,0.782881606306257,0.962658904650836
6233,0.0424649652495011,0.562137930923382,0.939753054876627
6248,0.0897916386114125,0.426742079954469,0.788562261466773
6252,0.150518190274316,0.560250115895865,0.778320181404889
6257,0.0638410350235668,0.626615095234940,0.915950850416841
6268,0.193200005499580,0.643623168060787,0.778479931738002
6277,0.100083796796743,0.632408479638862,0.758286662232851
6293,0.247202510198899,0.511153984947207,0.954010253383252
6297,0.140439016118346,0.438494664159075,0.711357043418332
6312,0.192234935610171,0.715935664699218,0.826309428837147
6313,0.00709501345027746,0.346854679987714,0.915996213052960
6317,0.161398393492331,0.581264464892380
6328,0.0822971043446863,0.463532755701440,0.752693878081252
6332,0.0333717793780494,0.381224865056495,0.790274644143227
6333,0.114691554401242,0.536966793927322,0.956901905873613
6337,0.0706555247224798,0.510350670433709,0.739280211664716,0.942540167782628
6353,0.149443868751162,0.321741589630698,0.867531367031232
6357,0.0672968052062016,0.369111519455474,0.851774717170602
6373,0.0564919906915488,0.634153375406610,0.865902225327747
6377,0.248721840813451,0.344452425576144,0.922633109479364
6392,0.0386347236667547,0.559560539916728,0.971752203453722
6393,0.176961514402594,0.380780981818185,0.722861516717550
6397,0.0779557144151543,0.613750606266814
6412,0.217918983704622,0.539949938211332,0.833075020107720
6428,0.0707800833389916,0.495668135717368,0.759970376022991
6433,0.0159918141527166,0.523924775371102,0.756597894327752,0.951304032742447
6437,0.159254171227557,0.354145673400952,0.960229049973759
6457,0.0307951698063833,0.532833148942629,0.755023315414566
6472,0.0681206557253082,0.439791133157893,0.748046803938414
6473,0.146190509775955,0.588308396315680,0.850741977003466
6477,0.189286616862103,0.599951865925415,0.691518392076436
6488,0.176612932149445,0.606812156185369,0.970824427629884
6492,0.154431784189389,0.508978366740932
6493,0.135867640769055,0.353863770946639,0.719674932919741
6497,0.220469897721965,0.358156726789440,0.800196433601057
6508,0.0210558711168784,0.595627367048589,0.940626120405870
6513,0.0131156341345896,0.576749451357038,0.899713218322377
6533,0.152963840092695,0.452146538358128,0.841145644790914
6537,0.244507897471740,0.613046306995457,0.749659713567103
6553,0.230253085446385,0.395584522842563,0.552658409160823
6557,0.233807086685033,0.590421189691075,0.995447758416206
6568,0.0206412870859752,0.557705642283446,0.794011607199485
6572,0.297759809253981,0.466351398773684,0.968447209455414
6573,0.174142953715125,0.466560686423716,0.905921065837894
6577,0.157744917971022,0.434817298510748,0.670876038641771,0.965278298245832
6593,0.342334463787147,0.540447957068095,0.863293668152429
6613,0.185063946470189,0.428179222356968,0.977795269654524
6617,0.0794526495486824,0.280853795461805,0.807102468893199
6632,0.220268981109805,0.656247753878300,0.816022566039335
6637,0.0494133069989471,0.285920066698246,0.773854435171973
6648,0.0551015889529467,0.579107382723856,0.876847663592996
6652,0.289293612744354,0.439260033395032,0.751271400335408
6653,0.113280948906858,0.735922169592627,0.899896796809864
6657,0.0289141353690061,0.609098431306173,0.742563578091468
6668,0.0735662655410090,0.385434773217271,0.954015501877486
6673,0.0561071172133680,0.452740982294381,0.727451028943860,0.992081784152417
6677,0.108418311430238,0.667642121288901,0.881841379465468
6693,0.141774888792414,0.367816919205526,0.842016081275110
6697,0.0420794634847122,0.478112349988640,0.781680256438443
6712,0.126474917696046,0.629609967891168,0.707740606478992
6717,0.0883752206664271,0.510773066349118,0.842474034571122
6733,0.165250699284206,0.469724661787138,0.945928800038653
6737,0.107870678762169,0.483973791814070,0.937127317534102
6748,0.143723986053275,0.465682132052154,0.778411075143213
6753,0.115961826751310,0.590611606708458,0.832748056298922
6757,0.00213938291760947,0.349186351977755,0.930131094958131
6773,0.0535471398493247,0.360620174228934,0.946926423543581
6792,0.0507605933785862,0.464380154647514,0.642035104396731
6793,0.152929755863462,0.419836228897227,0.864398857515752
6797,0.0346298162058843,0.581000744199486,0.917035422980350
6808,0.0938753395367685,0.252503274303369,0.810587336074551
6812,0.0849451653138169,0.533968197018037,0.810360548201419
6817,0.199699257682744,0.591034066633059,0.734116369417840
6828,0.313595139759648,0.517021349034203,0.854309498721570
6833,0.0939203412475257,0.370849737967015,0.789928359205400
6837,0.0649800031692682,0.757461629738010,0.802359926643288
6853,0.0674635406413781,0.332389034072656,0.798835609981776
6857,0.282941890722050,0.431898184653587,0.811834772951986,0.935233395128567
6872,0.167540228019014,0.597907723773763,0.992581259108189
6873,0.0363955743359949,0.626590801142401,0.971322121440149
6888,0.178358457749886,0.577317231151520,0.893256351036793
6892,0.00718274256026320,0.519653412457247,0.841078662822114,0.921370837252173
6893,0.0507774601455066,0.727044576146009,0.982003031020972
6908,0.112061296241125,0.648539248678684,0.944210941297966
6913,0.00797807493188348,0.519140145929708,0.715808376445342,0.907949601041687
6917,0.0184526772476674,0.561519887213108,0.706927964556961
6933,0.00260579783923421,0.686570150590615,0.826714418620888
6937,0.0739814528495765,0.536384604997885,0.620638792427276
6952,0.106972812143654,0.539021979645539,0.712400728895436,0.896621049382545
6953,0.138736981731595,0.477788164467858,0.663626244126460
6968,0.227312083290912,0.656606152400041,0.991528204174236
6972,0.0639939036160232,0.496575170569684,0.891787167913838
6973,0.193371346525732,0.496067283036274,0.674367909783398
6977,0.00566960135922969,0.512500165729927
6988,0.107464139732628,0.531746084402167,0.660732252126475
6997,0.108897279945077,0.275049656065029,0.895509768786843
7013,0.153910587290745,0.542950347107572,0.957530112882785
7017,0.184571702049095,0.549645731904663,0.788006509546410
7032,0.0231133444385409,0.513757999505218,0.930731527138713
7033,0.0357531141598429,0.627425679325205,0.804786276243874
7037,0.0929082091538090,0.424503657546367,0.878232820039958
7048,0.359814061387933,0.507087573669804,0.897005229070725
7052,0.0341902407362067,0.698347272163196,0.943846772660649
7053,0.0410794839655704,0.418388447572044,0.781256792627060
7057,0.0289935812477139,0.301975310407963,0.706350586518280
7068,0.0493769167310156,0.713785405995983,0.906879781825661
7073,0.108248460831399,0.441731428130041,0.968201245968820
7077,0.0717267272888366,0.428837434370349,0.881218477483221
7093,0.123361893424987,0.368111247847897,0.724190856391289
7097,0.0585884926978938,0.618645419079099
7112,0.242775304482719,0.376714503058258,0.951902552454173
7113,0.0168799182593867,0.424746953528286,0.739791369289990
7117,0.0305479971539162,0.499087652650969,0.815836606577687
7132,0.342382905815183,0.547919173757722,0.785037025458629
7133,0.0423661089449039,0.602626431334980,0.903459228476518
7148,0.00331475048880736,0.278310001784307,0.900829195556424
7153,0.0439833118751883,0.441496735495177,0.930324333852358
7157,0.128753203706250,0.733636071545381,0.989460386729348
7177,0.0547226963907100,0.558269781192704,0.755317498412834,0.959968670045364
7192,0.282547054391801,0.441251761581994,0.812835563689429
7193,0.00687808280607424,0.412157019201655,0.671727814091462
7197,0.0300247624471226,0.450870624492064,0.707401890346624
7208,0.261617774554899,0.534647351446861,0.906818557559654
7212,0.125886613103879,0.410106653415980,0.739393357359870
7213,0.190870398851829,0.568458844497484,0.924186581794166
7217,0.0125081026629197,0.451883685151762,0.705451090698948
7228,0.0770033426769766,0.292547687511681,0.862219986887437
7233,0.0912354597561904,0.313781482669478,0.685903577131211
7237,0.156886882553810,0.429764406011830,0.929567970127608
7253,0.121722886067663,0.678474049872916,0.919747210903603,0.964906000454181
7257,0.224489073485666,0.529267609843609,0.991249084266703
7273,0.262761629306395,0.323452324184899,0.759983927679657
7277,0.0682753907603078,0.439296083327730,0.843534063193434
7288,0.125766213134102,0.421959554723815,0.628967672108256
7292,0.0306992797154772,0.629258218187488,0.940485702711320
7293,0.146821912314318,0.640539307597676,0.906402151051388
7297,0.136617766068969,0.511974511125993,0.876771140276115
7313,0.117931369399878,0.414058064426279,0.987013453212752
7333,0.203330172874026,0.506425622228748,0.709504808374437
7337,0.136861145992258,0.531060629736550,0.772629198072504
7352,0.0916072974708832,0.372352687004648,0.820905395764154
7357,0.101361127335538,0.366083141289998,0.715620883504832
7368,0.270246364941641,0.508847232348976,0.707709609534863
7372,0.172355067032352,0.532328844719986,0.727366361013042,0.954851826425949
7373,0.266639717573350,0.487632184632624,0.689594314267220
7377,0.150131867258745,0.381437011958824,0.964191982742736
7388,0.334946258912718,0.541201268366301,0.922360063655421
7393,0.0759697227585191,0.480527868192634,0.707561222027103,0.990598651261963
7397,0.143301498473965,0.399620698273639
7413,0.184425993679568,0.559904028466780,0.795014297542397
7417,0.0335094448028224,0.322917190307404,0.695692321562514
7432,0.00357387945071182,0.680026057458301,0.867641144297893
7433,0.0739553636557164,0.544234639535846,0.895705430789397
7437,0.131002910102575,0.498199061404615
7453,0.0369835023556577,0.604414904869581,0.881100556349824
7457,0.0870110890407054,0.506793654577481,0.789475724311922,0.935946209096497
7468,0.180571970393626,0.588511146763092,0.785934635962514
7473,0.0342304765177591,0.283983549830726,0.808953244472323
7477,0.0602933600721426,0.459913737066115,0.696517512226490
7493,0.369858266333156,0.464962517004786,0.914987041992619
7512,0.0708215013989003,0.358948464764077,0.769870771056375
7513,0.0639903480070930,0.506889089132317,0.648798547489096
7517,0.00419703680564021,0.618493970252448,0.999626827645732
7528,0.0179994040741539,0.691614424178365,0.866473379145459
7532,0.306106723639226,0.577950391011341,0.711372409075696
7537,0.0453688305066901,0.588050461577491,0.774658892660822
7548,0.217836309937338,0.425934685464266,0.740189213969720
7553,0.144437457368695,0.669358664808057,0.792882937003709
7557,0.0102038797127470,0.507521083758385,0.832036413815100
7573,0.0768634793914514,0.387784525368852,0.827724808402365
7577,0.162705237951140,0.598159081569560,0.938142024485689
7592,0.0711655210723850,0.247519404162869,0.884780550570628
7593,0.168522839766609,0.609473078648059,0.884364803769265
7597,0.131325081502083,0.361495579837581,0.713388544639027,0.968339601600450
7608,0.0342330308560644,0.633317682965935
7612,0.340093632085634,0.602373980942217,0.812695628764983,0.932360070488856
7613,0.199396682610748,0.525933866214297,0.752003121669723
7617,0.222685163536326,0.460874082274673,0.691337983544553
7628,0.138559903546110,0.468691467295333
7633,0.0303188699258049,0.437916260909709,0.833837444676002
7637,0.120333628286069,0.579174430626873,0.930781744545285
7653,0.0834798318677055,0.592314202628071,0.799922809187178
7657,0.00983753772340180,0.582074756278393,0.784089950793062
7672,0.115452109512837,0.609235534922743,0.816434987267784
7673,0.0363109084311640,0.375466248832356,0.766070045086426
7692,0.180842887041889,0.489153995103469,0.900389785479897
7697,0.0486559653601766,0.444736350604088,0.782587837350289
7708,0.105283176518000,0.448363514152637,0.771252038070024
7717,0.265689977597255,0.542640125137269,0.890917021632155
7733,0.0668089455958519,0.564441630452439,0.923444712830370
7737,0.220121569300977,0.309164595265638,0.588464323829297
7752,0.150235053304161,0.545162773240815
7753,0.105730469693051,0.390863903364133,0.658244732359899
7757,0.0222491999422142,0.495721676538671,0.844229580923583
7768,0.0375297257031956,0.513334650845074,0.859700917674794
7772,0.0246993221629876,0.522388504717698,0.715268074983149
7773,0.244640094662312,0.468027139433218
7777,0.190346939872704,0.507670702418485,0.764427466384143,0.884168104703909
7788,0.195190574250149,0.387711448513647,0.742528146358500
7793,0.0914894456357008,0.534491107575660,0.706958604282119
7797,0.0486540516512361,0.598350404463266,0.878077704929362
7813,0.0130476627985954,0.445178536011010,0.814433989698196,0.949566370996310
7817,0.271199207628524,0.505975666664151,0.875950381228171
7832,0.106683917675055,0.711323492414150,0.831705061849885
7833,0.0812015861766404,0.533919227556446,0.716090362613381
7837,0.148685667930586,0.412942914262086,0.617028829279190
7852,0.152143626653831,0.354940057503987,0.922962979054823
7853,0.144486565530126,0.589665497534169,0.864211833128504
7868,0.0167909336664293,0.503067521196326,0.976252635777258
7873,0.0874145685183378,0.330284987000511,0.848258919219826
7877,0.427631612023087,0.476434731814519,0.683650755369254
7897,0.171113774920020,0.430162803852781,0.797245461968156,0.894289298926843
7912,0.143972658566806,0.302311570735613,0.827479334678812
7913,0.117856048766165,0.500391760297557,0.842135773941593
7917,0.0799808888813103,0.688596807867308,0.838246806632305
7928,0.0721909004037389,0.386231083013784,0.826340665351988
7932,0.126212161372612,0.339665880925504,0.831810027761192
7933,0.0880294463469393,0.383257993853704,0.729185555151241
7937,0.0190785366080591,0.398228863507010
7948,0.0723868752913600,0.543633769211584,0.840276178770823
7953,0.137721316235751,0.434441931886417,0.816965457315394,0.996469227883149
7957,0.285754969879708,0.440665359118490,0.931829169332500
7973,0.0564658057202688,0.524786027073546
7977,0.0752429247151248,0.383268310265429,0.747205313930939,0.986968214878507
7993,0.0968337043765162,0.512463492327977,0.872604723420147
7997,0.269821495948889,0.567759254106670,0.935223768559182
8008,0.111335296975398,0.386811439583372,0.747372189225862
8012,0.213581348095449,0.421046683579429,0.905557317602078
8013,0.110683492092428,0.596501345204598,0.992077680256939
8017,0.0828115425785562,0.503370857779632,0.625604549283255
8033,0.129503170730896,0.433915884198531,0.767467122660969
8053,0.0125717999807072,0.460879968139888,0.969513079963766
8057,0.156527131710335,0.302157227647582,0.874169312172575
8072,0.0892768120454227,0.556883066131794,0.758986601263569
8077,0.0174150976880626,0.675126708159756,0.860298053220551
8088,0.0591629386593196,0.523519188791292,0.900504241284438
8093,0.155313749140504,0.333067672784534,0.882724443092537
8097,0.286421222327285,0.590598086550347,0.850686248179502
8108,0.00876212720484994,0.564676775287447,0.702520179084335
8113,0.0606831547199947,0.551525797527752,0.772119588039523,0.963717863491348
8117,0.0581669219103733,0.517163791008719,0.782878437260232
8133,0.156844467242803,0.482286352627496,0.935999902653678
8137,0.0145314791601833,0.569898026710514,0.777816745797514
8152,0.0431029417323948,0.436010457942714,0.676154231613038
8153,0.000779631845554866,0.527444950257087,0.920115297107422
8157,0.208106441317662,0.422802142478113,0.762169103421682
8168,0.0385086783697363,0.583645469730098,0.992523687434264
8173,0.165163060104604,0.448410386854727,0.652607649344892
8177,0.0701149754891007,0.418835654125117,0.807510820779027
8188,0.0643602745020233,0.521828568464492,0.892867922385289
8193,0.191470532836779,0.433479274216021,0.880655980055792
8197,0.0352733771993646,0.613896065151926,0.835060372029948
8213,0.153164623565318,0.365597187650195,0.814225216694607
8233,0.0215445250479616,0.405929101331060,0.709963404001444
8237,0.139313939573597,0.635430889461312,0.901189961166430
8248,0.0137152771809106,0.340449968843368,0.846370721091331
8252,0.0742756919075427,0.664307976272738,0.898275461220244
8257,0.0826830975144764,0.460163434559343,0.568032849313195
8268,0.143864091311881,0.463563217256374,0.943358627880529
8273,0.200648685088019,0.680826444888715,0.842017127874261
8277,0.288502866427745,0.487679562605714,0.917748321955766
8293,0.0843874747159119,0.429026539895689,0.986260661295935
8297,0.0743057397049688,0.410764207890343,0.671266362644392
8312,0.0264088486274975,0.527421013056395,0.948646229035857
8313,0.157321185971660,0.337819947575179,0.831357423036559
8317,0.122551231634687,0.440884904695175,0.681140741267326
8328,0.0401499984433415,0.428900327337234,0.998127398890255
8332,0.242077382706676,0.463951464843759,0.722815876620942
8333,0.148373130464297,0.698739635692073,0.819220865884983
8337,0.160739753828042,0.554618009999705,0.786388680746358
8348,0.131667549818553,0.279846743987131,0.777292928224547
8353,0.0984389469285353,0.418979559519634,0.596781212509609
8357,0.272430916250226,0.403214184019419,0.949540571839727
8373,0.105621901484757,0.455643027660793,0.791879728254169
8377,0.145352673883526,0.321441649205074,0.759834434901747
8392,0.205054688372337,0.579132362547999,0.898060627141203
8393,0.0507666009086378,0.574658543404765,0.880650488864952,0.989821722986673
8408,0.0792712842295737,0.499026269858260,0.864855290009112
8412,0.0112141333119134,0.703310292393851,0.950429954055170
8413,0.0927006301030726,0.536609643447358,0.979293282433535
8417,0.0228612154053703,0.379936312306846,0.960564834963171
8437,0.0237627900548649,0.359025673635209,0.730413248378036
8453,0.0536334399329738,0.494564656487970,0.815490048182836
8457,0.227172704071168,0.374438353664495,0.672268894975602
8472,0.197597069376005,0.313834679104379,0.822886615423213
8473,0.0422310039015528,0.560672993085459,0.811396487065902
8488,0.125353387976764,0.392843433308867,0.772060944716020
8492,0.102831239854970,0.548084270474338,0.799214980371683
8493,0.0705820314345788,0.323300640036639,0.948345798045844
8497,0.0834904993281075,0.569520969868515,0.729524900038262
8508,0.208955949778155,0.600118372228928,0.814725685377522
8513,0.0992797433762289,0.362509882364568,0.712382175210778
8517,0.135718521963162,0.440503313314192
8533,0.115869245765636,0.380783536087380,0.800596802357531
8537,0.124388000359751,0.323160932691117,0.867580237169759
8552,0.0922822653368406,0.711680926984240,0.859151212782923
8553,0.349257337959253,0.509924022872426,0.801308878518637
8557,0.000293288860638090,0.630704928947618,0.745144077973328
8572,0.0245296264068669,0.469097967575918,0.662887159010368,0.999755591407952
8573,0.0247354319627546,0.532790844330302
8588,0.105657804132210,0.579634631947439,0.882165682568820
8593,0.155087654100424,0.329873385910247,0.664380902609920
8597,0.139971232719906,0.412152917294877,0.752701870736687
8617,0.0188507697331286,0.456168057099282,0.656555296659939
8632,0.137195543526239,0.365773328764029,0.664996584459978
8633,0.0253586524009719,0.406150248775590,0.773464369550737
8637,0.00601837550295294,0.370449864622309
8648,0.155746495093210,0.724153085933067,0.953914699336819
8652,0.193683608321325,0.300804257093285,0.947845854713717
8653,0.0625863489700141,0.515935498737708,0.684127073136699,0.981803362051544
8657,0.219728968966431,0.451092507861646,0.964504301370097
8668,0.0627275037034418,0.441639497821806,0.687510290984340,0.953255827168774
8677,0.106832041640456,0.360357523268906,0.729494055049180
8693,0.143770894968931,0.641788946973628
8697,0.00402295083920436,0.660472720608295,0.951007199865341
8713,0.246838094558601,0.430618719333199,0.805898356050123
8717,0.0316868398245198,0.459500664884746,0.802502093993301
8728,0.212234806259286,0.461413314227419,0.902030648983077
8732,0.0318281653666615,0.597936592421054
8733,0.0536216125812044,0.489032006256416,0.912462618246728
8737,0.0488249431356380,0.341157142293111,0.754613485140322,0.995570935223187
8753,0.314557298021021,0.628410994794738,0.786259424960557
8773,0.137195056862436,0.399076773158240,0.738343220587810
8777,0.180609269803791,0.527628195790086,0.967846316050922
8792,0.0319259197293396,0.529459679523200,0.892779305112949
8797,0.00410450797820840,0.514033366565500,0.914906873406609
8808,0.0962094564586283,0.277049509121738,0.797152766394190
8812,0.219650194674420,0.490498084322793,0.890703225454584
8813,0.0192481930049012,0.534956293177350,0.841408829242235
8817,0.0244722874808924,0.423852870329378,0.804420094149320
8828,0.203731810408089,0.547537064000764,0.788932215562265
8837,0.154279144366339,0.587663445056250
8853,0.221595209534112,0.594796912653501,0.816664841531542
8857,0.234447828245451,0.376327616963317,0.627819579950321
8872,0.0180921774884546,0.567946054459318,0.812553487406432
8873,0.292830872693532,0.415172426637970,0.572341066447569
8877,0.169791554820499,0.508744903682703,0.760258569370163
8888,0.351960059520678,0.655489045548501,0.888761855935178
8893,0.135515928214471,0.525788874247643,0.858490945363169
8897,0.0244075455433547,0.437414244130514,0.766316622115042
8908,0.0681972126470932,0.374728119752733,0.711040568157718
8913,0.0375839456055888,0.535899000830451,0.741525390244196,0.990613618435661
8917,0.00722201172561997,0.472851909888206,0.917123815413643
8933,0.116009547884721,0.419666939920563,0.764900566733192
8952,0.275750571832652,0.531557222889455,0.940635548381643
8953,0.00275711620587288,0.279289597939359,0.885227747252597
8968,0.0205031844945897,0.411943757924611,0.642535470566488,0.945297252064373
8972,0.00523312080155066,0.448766015037891
8977,0.0548315040619285,0.446691171880466,0.754252269523234
8988,0.00470018306623099,0.601719468345852,0.745010131232268
8997,0.112481851563443,0.343997639794049,0.841605145199244
9013,0.00825351050375391,0.396012508280436,0.793180325939182,0.972897035388804
9017,0.0860680104325504,0.499723475116688,0.671535748241024
9032,0.117512635656187,0.371359799538687,0.920144042907785
9033,0.0116328228807666,0.683459390859082,0.791675841355651
9037,0.209281711385961,0.437659630764076,0.868287045889136
9048,0.0311784371997333,0.207431825317428,0.848950263770184
9052,0.0573639361239511,0.364051315318387,0.716410417591396
9053,0.255231982933733,0.420565141011926,0.566986279792623
9057,0.394911128704659,0.578138135635663,0.760213708679218
9068,0.246174871957830,0.364778356071000
9073,0.0461549036421574,0.475600774075572,0.656925413698043,0.946112520414360
9077,0.323837600382226,0.550666433330547,0.893213029633413
9093,0.0209081540205885,0.492003050896315,0.735611822348296
9097,0.0739289551304325,0.425897466783132,0.742223878978026,0.990394556702636
9112,0.233816542661006,0.672943811628763,0.783836848541493,0.967646094015726
9113,0.0552552237490509,0.514435955606610,0.953504745245948
9128,0.0727368503746066,0.403939775201070
9132,0.167105441092447,0.309703595756361,0.838990255534860
9133,0.0805558502557131,0.643524557933221,0.765739825739452
9137,0.0581134879075866,0.390403320988671,0.764619565978073,0.978193041141598
9148,0.289809110541285,0.517509408685738,0.820858842274955
9157,0.114535846491620,0.388700580075331,0.744269293556427
9173,0.207040529807689,0.406790819965718
9177,0.243825411915487,0.484702832639978,0.763510534637093
9192,0.0250107712721512,0.464122067253873,0.870107717087894
9193,0.0467221690779474,0.384826044435320,0.648915716229791,0.977927268916983
9197,0.111848914856339,0.508454828773475,0.913220605535983
9208,0.348099252208601,0.462510657553991,0.923109258057173
9213,0.167195248042616,0.353873003937684,0.779004277431640
9217,0.234953204499038,0.545879128363867,0.772501042068651
9228,0.181364522823752,0.538432398209589,0.713079902837295,0.976187089217126
9233,0.106461407666899,0.506100518895343,0.781456997655260
9237,0.0837184722552451,0.302050642716879,0.907271233066207
9253,0.145392432003418,0.567233193451308,0.869964082939675
9257,0.0465720110190013,0.641115633502361,0.808198395199875
9272,0.140743152138942,0.490982138437613,0.873766120637706
9273,0.223582687421747,0.496991344344340,0.752643990528288
9277,0.144199544877205,0.401666680636420,0.705014698556243,0.970300400564971
9292,0.0487346937101652,0.409565951688859,0.944930189892671
9293,0.0165138413977488,0.493099759580258,0.822082184279647
9308,0.179685956860785,0.422627744144587
9313,0.0604469820243833,0.461303615834007,0.865136303231725
9337,0.0704963495323068,0.516731181049739,0.808089707400718
9352,0.215914078420866,0.375469376361489,0.698261901314783
9353,0.127338883591933,0.358818333585623,0.760858396090691
9357,0.151424648031654,0.650818488653589,0.885461886021908
9368,0.0655956182859205,0.432947795255240,0.717087671296262
9372,0.154780187602314,0.518422976942751,0.892667639162970
9373,0.288779940401758,0.515664110501812,0.740598019575083
9377,0.0451166369989530,0.668834489539404,0.716248074076526,0.968201291550764
9388,0.261000584627718,0.524247005682050,0.597511054060593
9393,0.125400276101380,0.487160925154293,0.832895441928903
9397,0.0230799872059286,0.404093677260438,0.872742434801387
9413,0.205446877067119,0.597916435148296,0.969518585313545
9417,0.0757422352375964,0.367352005092933,0.793978883054607,0.954227161705480
9433,0.00759126896438182,0.304617211185509,0.593435667729359,0.990003849209197
9437,0.0723986587529938,0.491354529899717,0.865544235438998
9448,0.0665758327781729,0.498694003242211,0.909369366358670
9452,0.0842483202451013,0.339972149671826,0.824268178494263
9453,0.105720005661469,0.646364613822771,0.814618782178851
9473,0.0153621113800863,0.498638711762973,0.789325244372515,0.925072521303282
9493,0.143720566440323,0.467773471855688,0.783234376935547,0.953451471367934
9497,0.180839687460852,0.457310683389513,0.953182030790309
9512,0.0737555820134291,0.591499862527813,0.976402053823645
9517,0.0695947485171630,0.390278096392312,0.739955878747031
9528,0.0821335529849822,0.461102534294934,0.631509939666645
9532,0.237274036203895,0.593340505140207,0.973726730533941
9533,0.138008679200609,0.677727048585753,0.899368640895301
9548,0.177927742067833,0.578993822646362,0.822542723400636
9553,0.0993618679392252,0.406931757322669,0.878559313984011
9557,0.0393255384095262,0.423035141115543,0.770817156800106
9573,0.250512032246161,0.367168611963170,0.787687857139993,0.962195679531866
9577,0.0948026664467930,0.301402941319653,0.643692114528654
9592,0.0491313977361057,0.341899640538629,0.739260113922812
9593,0.207505585882146,0.505779315398575,0.961862295731588
9597,0.111748919537541,0.481129762452214,0.829999948571577
9608,0.114799482420939,0.580762314880501,0.802196924360111
9613,0.0349710232854940,0.360170690496544,0.741145787656448
9617,0.253485720692951,0.654187393181002,0.841486121441546
9628,0.271662693734159,0.565470619912001,0.727676604042188
9637,0.0169445955567565,0.468013026078888,0.850421771767150
9672,0.197960262215771,0.570178317379923,0.816781545321334
9673,0.183435929191949,0.392880899839972,0.859808834518588
9677,0.00159013037053427,0.499453598840381,0.913810888436460
9688,0.00239403579584559,0.412094497226458,0.669771033602690
9692,0.119279479697603,0.491609335079698,0.641457360578472
9697,0.232316645879031,0.467361177626218,0.606680175359014,0.964023245321941
9708,0.0866836458242628,0.537317670746526,0.956800076933114
9713,0.0650590591809984,0.334179395337911,0.812134459083244
9717,0.0239102832797548,0.410184291566979,0.793485008315158
9733,0.234655281234649,0.490201703505992,0.800552470043108
9737,0.0387653189442640,0.551150562711808,0.777829109792818
9752,0.215153857502754,0.497281136865691,0.658065513303003
9753,0.0439669848588041,0.294286556479420,0.773218954394208
9757,0.0486406733558100,0.620239541351467,0.791675271850616
9768,0.0272526457561194,0.721188640265536,0.864393751774798
9772,0.118221035627689,0.459976392926122,0.714543135666259
9773,0.0215376441443750,0.394820355948817,0.763167330292305
9777,0.243319346215740,0.508341646902684,0.799498778172147
9788,0.0380676427368997,0.321713054945955,0.987743831888518
9793,0.0589567178120790,0.504791226019802,0.761955006789299,0.916398552176019
9797,0.0542803938648124,0.443874511873557,0.752589204182789
9813,0.0153984697319133,0.490388254357899,0.975308516953292
9817,0.121165080469315,0.590935346320642,0.757121916528356
9832,0.160926277378541,0.276741661509177,0.827374652841450
9833,0.127161909442727,0.613565953035528,0.915112090986690
9848,0.259882588193335,0.525429377592256,0.933108476791257
9852,0.223523636573454,0.549927883008582,0.836791245537729
9853,0.202702137470608,0.351673405601221,0.724393940816207
9857,0.176605189674326,0.325249024574509,0.830228058415461
9868,0.129530243072510,0.476936949768279,0.851159318033925
9877,0.236426148106462,0.529752417717302,0.783345770053856,0.913136065640706
9893,0.0273555956389638,0.379427422030520,0.884370512506306
9897,0.102767494440153,0.527758173194756,0.954899270211344
9912,0.0248300268574128,0.496355803817255,0.822674535417073
9913,0.0677493059852773,0.434161777821872,0.711753603920547,0.912525305961788
9917,0.383630734840074,0.521703315576862,0.869209398117405
9928,0.0720020129659345,0.397617252418374,0.684245742175736
9932,0.101154287268718,0.728837817952819,0.843582555964035
9933,0.188934899521489,0.562653452406114,0.887213829717838
9937,0.0948193387186953,0.324377812684054,0.736263806974021,0.895466390257427
9948,0.0630972768137681,0.324837815166461,0.824390114493693
9953,0.0805599106616662,0.231775027037505
9957,0.0731889239085931,0.489080801508694
9973,0.0542600711860259,0.556685262652803,0.846544795067326
9977,0.196393029906646,0.396325429516579,0.660506311691634
9992,0.0214320919498978,0.266759208456546
9993,0.203703960093194,0.376815253526821,0.765219063786822
9997,0.0534139674979342,0.488817966030168,0.655304935371686
10012,0.0949742330661319,0.487924134475085,0.669502691124536,0.926466311130692
10013,0.00256714132480748,0.615282016130867,0.992805650800022
10028,0.161072510402653,0.257608231026784,0.791135418033146
10033,0.00112403016412874,0.240840518717346,0.618516269957835
10037,0.101382957774871,0.733293138508521,0.906949541082541
10057,0.0659574873427580,0.459096568142140,0.804638569644455
10072,0.146506399420209,0.421970664006494,0.887134528124018
10073,0.0809963916496246,0.460274468083565,0.861123249169960
10077,0.00202747669056515,0.291130771805787,0.743284848169007
10088,0.233288311971590,0.558731558904230,0.741202281093927
10093,0.110247918278436,0.301381274079324,0.919497951475862
10097,0.290909057243059,0.492690408130618,0.836062559442262
10113,0.0375434478421017,0.544312439760129,0.816113273336977
10117,0.152461629540452,0.183779719872227,0.772860580079103
10133,0.0660983783320630,0.461856849689706,0.669123151313525
10137,0.196794534690481,0.497043239849815,0.740186689637428,0.971445831545520
10153,0.0895327348105190,0.431099378692828,0.799341734074029
10157,0.262815211813100,0.489201208106817,0.663238367933333
10168,0.142758144538607,0.347651950492477,0.818690285912830,0.987918645869326
10172,0.0530504646215893,0.423521106394479,0.712846796636039
10173,0.0409429008392607,0.393939167030379,0.818920077347163
10177,0.145395617363089,0.586247086456068,0.781276212150055,0.984071753639336
10193,0.0573860677910211,0.346607342429511,0.857315340473805
10213,0.223260507295760,0.462264001136742,0.827561677350450,0.917083364865747
10217,0.0975377416040204,0.465912785669680,0.723884247753493
10232,0.192116863833129,0.509754241333585
10237,0.210990811780546,0.591900340297801,0.775655245620239
10248,0.217361836245347,0.428283154360757,0.894181363146276
10252,0.0643636194266764,0.506612598632692,0.599784469327412,0.957259330797923
10253,0.334103472389180,0.527122679462370,0.904002185555598
10257,0.113046845925759,0.411971890106278,0.683413180590849,0.968403691788850
10268,0.0885002804500856,0.587366093761009
10273,0.0154588313499517,0.471313130306377,0.724601457913605,0.974573893098708
10277,0.00313251768897814,0.377404954321915,0.752631971008325
10293,0.237494357832425,0.556331251189945,0.838633812565932
10297,0.154598000297322,0.424266413405334,0.795179712986951
10312,0.0551471831071002,0.303333836428266,0.905081090133512
10313,0.263562318867989,0.452548627373657,0.783624610260344
10317,0.102694665471855,0.367703370977877,0.991306099409868
10328,0.0498645758149703,0.396290081588233
10333,0.144926729366205,0.464234214321477,0.686711745917483,0.931830923768236
10337,0.171687845088495,0.466168958711726,0.749928954583901
10348,0.0208618086077889,0.327323504596986,0.754511981030294
10353,0.277685025655035,0.577909667062876,0.704995258116403,0.921524876997953
10357,0.0151832842501918,0.351679707760121,0.863433520067948
10373,0.348925031727551,0.473015250496966,0.901076809029946
10392,0.0261980604741464,0.456406792431930,0.861907514024895,0.942680333045462
10393,0.0151316960490811,0.606899793404329,0.800432929805008,0.951564741931988
10397,0.194818975496898,0.446569055516979,0.829958341373277
10408,0.151376834745601,0.656925553740073,0.787398717037645
10412,0.0968043158714487,0.513480192952058
10417,0.0861731316178505,0.293828518871381,0.637932452679891,0.970219257311122
10428,0.0565174824208066,0.612568076490931,0.843516643685437
10433,0.0742799171678179,0.603555719276289,0.880322881066843
10453,0.205751226349176,0.527576577824298,0.621014436790755
10457,0.177219724008634,0.361789229095368,0.960647081337098
10472,0.0884932767407094,0.534913957758590,0.765196978856311
10473,0.0640250365634145,0.478219963001094,0.664173425767549,0.919392877647068
10477,0.106295341423366,0.609333725965548,0.929068937993619
10488,0.0821586528220730,0.388225498655040,0.785204850852006
10492,0.0861349940936893,0.547573609757248,0.821610797771610
10493,0.00873557868702479,0.161802403855666,0.971941330486333
10497,0.0571089812639138,0.426043268095350,0.658385537394749
10508,0.0395128323755879,0.407989120839988,0.811629790251885
10513,0.188194416124624,0.455312614655888,0.791502610871527
10517,0.112452994549817,0.665081718082798,0.966414053532292
10533,0.142860598174613,0.682826873127517,0.936095751958917
10537,0.0348456520816972,0.329118250868895,0.585518436635203
10552,0.155127165348120,0.519493670262869,0.903604495599013
10553,0.212887450017864,0.405549548471133,0.772926980438280
10568,0.203221490869309,0.670424433776971,0.850611840496926
10572,0.113152089633475,0.398238381716508,0.880452809304591,0.964752401395849
10573,0.0376397609216748,0.437963972317644,0.853995850643070
10577,0.118975223264188,0.477522934064074,0.850608155320288
10588,0.00481276139653737,0.365717493028534,0.876815953573456,0.907709178641316
10597,0.0261510718520257,0.605800821488340,0.859825537076027
10613,0.0984795913619099,0.283847602501387,0.888726737363366
10617,0.157339595793890,0.637001734694636,0.823160274186004
10632,0.100659001736164,0.568321181332157,0.884352846959583
10637,0.0811676857537978,0.456527823457331,0.695225782726317
10652,0.0552337120024797,0.652067925483405,0.914019663855447
10653,0.0412421556579615,0.656388386657022,0.896751162058306
10657,0.100762723508032,0.407283285143239,0.857070258802456
10668,0.0127473864889467,0.545638243627553,0.709291604464086
10673,0.0278200845571975,0.640606487821511,0.749977142218028
10677,0.219677660501102,0.382930207887181,0.700186253591889
10697,0.0126032335363736,0.306766601703295,0.800922742912229,0.996213547669254
10712,0.218549187049772,0.368755672902659,0.893869991176482,0.994210628372013
10713,0.150131263892538,0.369518916963064,0.945677763499704
10717,0.0525783404706685,0.277883085901481,0.837153471738378
10732,0.0645554755167955,0.344069095360706,0.715334608800772
10733,0.146133844549182,0.393894071654588,0.874809416744545
10748,0.0123624748197956,0.611263289625222,0.975487048403547
10753,0.122437455868182,0.381851718168007,0.569101844881083
10757,0.187251598852884,0.532644947528638,0.969620534371255
10777,0.0136598900880760,0.473541027634580,0.544273057709853,0.992443686728716
10792,0.114812245816824,0.433289037705036,0.913257879637860
10793,0.359292558987817,0.584743178584577,0.728999864198612
10797,0.158885800562875,0.411792309338750,0.821760405701761
10808,0.219289280882762,0.429958520920564,0.712825850427059
10812,0.0986648464441724,0.433022119425519,0.696013293853275
10813,0.117430380438865,0.362792589241886,0.955060166175325
10817,0.206251561072378,0.352728290680958,0.727484538887384
10828,0.0498985030116024,0.542821296908233,0.815733913882410
10833,0.248191873879412,0.371907371753352,0.642319131549086
10837,0.00618389926261364,0.269026370796525,0.710737669124042,0.963484827849163
10853,0.132377211455255,0.583400541717181,0.834913395796316
10857,0.112558549417312,0.400549223352360,0.850813431949864
10873,0.0451917814536811,0.489194593369456,0.594701458339762,0.986727256177498
10877,0.0341283454712498,0.656807977869731,0.876194804961613
10888,0.0506742052024926,0.572888524939435,0.735317648857687
10892,0.129090421007788,0.524780418541704,0.822278116437973
10893,0.0400910170781951,0.322885408443155,0.766073364783771
10897,0.00683994498234811,0.573213798020488,0.780104760379758
10913,0.00198576285464553,0.355991481619058,0.829722296886515
10937,0.0319473560151981,0.708035931018441,0.881775990060207
10957,0.115602260848063,0.365969448823150,0.691030352666161
10968,0.143603256265586,0.602550438969927,0.810988114064442
10972,0.303288232965324,0.453446923378972,0.876330995265746
10973,0.103317441905309,0.622556791666456,0.697710194402070
10977,0.157901749164842,0.448351791283180,0.740781271067325
10988,0.243500081924965,0.462218252740472,0.963854623180574
10993,0.0518586201811132,0.439521648816362,0.870204340647934
10997,0.161903052079833,0.556364280695168,0.897397795635798
11013,0.00369180634163073,0.480975817562139,0.706438231893629
11017,0.0257713474261482,0.510154352387656,0.704778688819411
11032,0.0305923011117721,0.458600374470586,0.769467850067918
11033,0.0309397709877341,0.443080555171613,0.746146110100882
11037,0.199687857089417,0.546286781228290,0.865978231362974
11048,0.00831563659548708,0.322134742211357,0.744890540650287
11053,0.246198410651913,0.463424310243723,0.803647671673507
11057,0.0282850480115348,0.406905000405981,0.751702618264360
11068,0.132412343917547,0.287391224387256,0.715861285701840
11073,0.00367387419733402,0.528113896963173,0.900999288319572
11077,0.00571586941562262,0.581208901981850,0.828489697931677
11093,0.0873016392399388,0.529758161173212,0.968264345588010
11112,0.245465407687190,0.629479078167513,0.805492880068967
11113,0.189997691039392,0.386929853204940,0.592847568244056
11117,0.0831209915073878,0.291428212257660,0.780890371107732
11128,0.196800703276804,0.548014259282393,0.827755212537677
11137,0.0493073251032962,0.358345547815177,0.661957045765997
11148,0.113891548002007,0.465835064110054,0.794396717365947,0.986684572569095
11153,0.0291824719731716,0.467022687671938,0.796654643666649,0.995570149195428
11157,0.300116786422614,0.603456915204502,0.850066127953912
11173,0.152989393012559,0.270672149626681,0.780011115419007,0.920648947898996
11177,0.186815174504514,0.484886148200610,0.849382209102673
11192,0.0586303914957218,0.570076689672650,0.974356588837640
11193,0.193560781933575,0.383220765015316,0.690454905183980
11197,0.101081128465891,0.554967554343654,0.713553586354255,0.890426930647277
11208,0.121974734067234,0.397264955799541,0.716386538938669
11212,0.0339274904556252,0.525939178366133,0.858551530685339
11213,0.0587739107112360,0.703541260907873,0.909531048557349
11217,0.0528861281556807,0.524641795865922,0.880735541056532
11228,0.00161722297793133,0.619377592178426,0.773649599849548
11233,0.228703928312994,0.602253448738717,0.727046729394296,0.947944184276533
11237,0.111493354740508,0.389736297143296,0.824255484319574
11257,0.0307519731103531,0.358608703586825,0.784238627925442,0.910185922091879
11272,0.165032900639362,0.315533304721379,0.585985210514772
11273,0.0814401494267116,0.566103579284655,0.782195508899911
11288,0.0865539981273966,0.416840884551715,0.718272400048942
11292,0.0602365274657428,0.472293012368106,0.676354596192718
11293,0.0931491752370468,0.497038904653476,0.749554413933385,0.879424896784033
11297,0.000305695314876991,0.524201847938016,0.816540755929011
11308,0.292872896417469,0.560413326666791,0.888034146174860
11317,0.190128883219094,0.472386445111266,0.836151161663926
11333,0.0556949065020407,0.206198484697778
11337,0.0281475515839618,0.534253357343797,0.813340378707308,0.939104630049758
11352,0.121561865055527,0.514371451137439,0.875927627996215
11353,0.219844739624102,0.539315191814179,0.768131327086360
11357,0.0925340261014321,0.556264135187819
11372,0.206540977763682,0.404394161492533,0.843488292277640
11373,0.0166600830647896,0.489154722472884,0.933713166084387
11377,0.0273517240919597,0.219741173871623,0.719575933962287,0.995983389363149
11388,0.156989464676456,0.529144945744966,0.808259036756828
11393,0.0387275078219220,0.459941847011875,0.750637573772869
11397,0.250170253004549,0.430965000007152,0.736729088067827
11413,0.337691742055164,0.464392661047305,0.738959183327626
11432,0.0138293446600281,0.529580954216880,0.747876977178436
11433,0.0184806058403036,0.299730955184130,0.714809237131483
11437,0.285607595011337,0.557040358587650,0.824196962892431
11452,0.0131832811518046,0.427641978324971,0.868257216846803
11453,0.0673457828109745,0.327131313312266,0.819655865934227
11468,0.242576302792105,0.284556689146608,0.823042616023797
11473,0.0140431041761424,0.202308409659281,0.730073694836781
11477,0.0855612916437419,0.216125796389303,0.796888385866630
11497,0.0452768901407372,0.479138476137145,0.798097605648580
11512,0.168678626320897,0.478182603402600,0.635709377776931,0.902583569091908
11513,0.0437519464094568,0.730816989489655,0.803050243171160
11517,0.134364761723926,0.401126678108982,0.770798139091071
11528,0.0529257420267920,0.566369107245406,0.994774715705029
11533,0.0196542620227619,0.226790274000246,0.695633349168018
11537,0.0248679039761044,0.374067192346798,0.696278453924094
11548,0.0509276671467120,0.516176831585832,0.866907181060140
11553,0.0180244001226834,0.553134977604604,0.906206305506461
11557,0.167512863454804,0.297742479674300,0.875626222465849
11573,0.111027890774110,0.504823729229895,0.700504272469308
11577,0.0695143925953669,0.476996222397302,0.892988115920037
11593,0.181746236496860,0.445442788994682,0.768617749489051,0.844210215840168
11597,0.137784959763694,0.587014772844473,0.973590242661395
11608,0.0745961190511823,0.496411774306393,0.669921519123466
11612,0.318915456835684,0.499891607861797,0.913132744543044
11617,0.0725058810055700,0.268511236510427,0.808499113366509,0.951706585390424
11633,0.0118789800491701,0.530818802796557,0.849864282199627
11653,0.285781292349372,0.475445737292590,0.682126804115022
11657,0.114617240108909,0.384556095074637,0.764443013262366
11672,0.230775018481759,0.337105134485048
11677,0.0313321853845654,0.392664399917402,0.704433449779626,0.990363557993261
11688,0.0474581410384367,0.405058976293459
11692,0.0583530473010684,0.283203112896929,0.627187049123577
11693,0.349427266926869,0.512251498513474,0.968226501239831
11697,0.0976220123817526,0.441650641342621,0.748119011946462
11708,0.188534582746677,0.417696038439113,0.812418031321494
11713,0.0502876684627350,0.381459389206415,0.688893165409398,0.901499527131393
11717,0.0987064665486446,0.611306869953701,0.888285557901655
11733,0.280347790418840,0.506262153668684,0.776441261673888,0.962285543364715
11752,0.0392238102304176,0.559038504594526,0.882284169456681
11753,0.110367944940265,0.371104666415060,0.782860302757376
11757,0.210049356384684,0.344063476150461,0.775957929372276
11768,0.0289943758838107,0.360498909117611,0.816418509956948
11773,0.125852818300904,0.497158256000324,0.864976505416280
11777,0.0469913879685742,0.287601006746323
11788,0.0263977385418629,0.552300826747166,0.780514954749967
11793,0.0386404377788264,0.558740632224339,0.913593230258658
11797,0.0513387087228284,0.365404150648727,0.678521573554416,0.948233364745700
11813,0.136675306037913,0.434451182426131,0.816599826861773
11832,0.127607797395505,0.388148561010101,0.714165414868865
11833,0.0704523833315030,0.552669078435675,0.791446713684292
11837,0.270205965760196,0.460396312248420,0.793566133201084
11848,0.140547709493919,0.226880093557835,0.739110517842695,0.931829974394055
11852,0.187590429756389,0.459608885771012,0.706317587040674
11857,0.131338507260832,0.458222127060081,0.858198797458072,0.963739802950371
11868,0.0727130319235061,0.532402422809265,0.961304959829726
11873,0.163263029571484,0.431854814235193,0.787052098863421,0.966333440342415
11877,0.159357856416336,0.558911700532552,0.915190734552111
11893,0.110026638432334,0.496018654179208,0.701669994436127
11897,0.0740838688022626,0.499577595788986,0.712444179892706,0.989395563250857
11912,0.101386799351036,0.458725490038644
11917,0.0276915228705288,0.636235816909923,0.786794409042806
11928,0.338541011612744,0.538884429229425,0.653466548762170
11932,0.196595349750586,0.355344619545818,0.682590040657832,0.925204420158217
11933,0.372388174373712,0.507408281173455,0.859429121689774
11937,0.122096676486208,0.437378848723735,0.697222899135085
11948,0.00318901877378031,0.713211736629090,0.948172087976588
11953,0.0364353557023843,0.173101157163531,0.702734948186813
11957,0.230443997295461,0.491611876801296,0.762363483861743
11973,0.205231563887171,0.686005407663864,0.833673804203143
11977,0.00153027229317582,0.431407894720363,0.804813994813556,0.941134179595547
11992,0.0480337979681075,0.473125257992488,0.774734101998124
11993,0.0795927482913105,0.213253949436753,0.773193446388841
12008,0.219725942606985,0.661326631673303,0.920214311576000
12012,0.0386622679475353,0.491510030796602,0.765865799485767
12013,0.0200659885931963,0.380156003467624,0.673096343628801
12017,0.00130679707911483,0.508831120241606,0.874488042024465
12028,0.0348297356103653,0.344472023301564,0.732067615835235,0.921196326847739
12037,0.120148132517432,0.344465251590231,0.768443004988704,0.952063850031633
12053,0.0546839874914070,0.470474328006878
12057,0.181706710730072,0.452074380061384,0.735788102502346
12072,0.00310337707179140,0.495503559044578,0.758174555367532,0.966875262025587
12073,0.264763712838978,0.441105059476935,0.785324807837328
12077,0.0179467419752169,0.299013666795559,0.985261147993474
12088,0.0946197885822633,0.543787413148864,0.782309854665733
12092,0.321298159945123,0.421280049645602,0.894097571520450
12093,0.0348770040302022,0.355093618065355,0.779506533072838
12097,0.0121098877577068,0.480589219662165,0.546238574603436,0.990369361959570
12108,0.0693774800440765,0.460381953620097,0.885473539968802
12113,0.162627984801236,0.556322273942683,0.934454202263193
12117,0.141511794508202,0.448734611717560,0.818289420301449
12133,0.0864948634977819,0.406995852030343,0.733584662317358
12137,0.0130517534538010,0.526815437600382,0.880111618910637
12153,0.178493701598457,0.353137797912850,0.626489323169248
12157,0.122820139696127,0.514910956072152,0.784094338035150
12172,0.142657154130956,0.603368700412316,0.799229290060909
12173,0.0357382493029177,0.346100622561731,0.987333120397248
12188,0.113472520968621,0.294905899487721,0.829913724814176
12193,0.00907860880751540,0.452448465629845,0.842791766425891
12197,0.190184504098278,0.531898650519103,0.929918038286091
12217,0.190815033916081,0.478542851996232,0.779131536022175,0.864470929481496
12232,0.0233670149487932,0.562059423252705,0.761607016806074
12233,0.0330478786092252,0.251700968153449,0.733430166111821
12237,0.0755720256749892,0.482926887536399,0.769277929837017,0.987586251662665
12248,0.0908346080446160,0.562647418881454,0.897179106941847
12252,0.137792959731414,0.390444872294406,0.764442741166266,0.949518622707191
12253,0.0472184919179870,0.307133570461059,0.836189793541198
12257,0.0155125575038109,0.612956035461238,0.768398290250029
12268,0.00366699224565899,0.266318960248604,0.884982564229848
12273,0.106136342323180,0.287437916197345,0.758222316574280
12277,0.102820996520396,0.614488973841361,0.843975819927532
12293,0.182961122667907,0.525247876345017,0.709295474950840,0.999370159711736
12297,0.0525708699486939,0.440983742990902,0.884935069825298
12313,0.208790230771780,0.487786046491704,0.535642394471188
12317,0.126527736371393,0.435133154835557,0.635306064603420
12328,0.0315099040682682,0.476529963313484,0.808587188518039,0.901156272211376
12332,0.0193540251009770,0.600009302495373,0.838977397791972
12333,0.184917090872763,0.670618036938511,0.809298430456062
12353,0.245905781218943,0.475304958475401,0.907820258508242
12373,0.0965293938402520,0.446223155473497,0.702009276136177,0.964912957921234
12377,0.0584678292698234,0.391010856984114,0.647024806365989
12392,0.155441498721290,0.388734322116090,0.815931348140542
12408,0.0264185648299292,0.394263858866032,0.625181130041779
12412,0.157049600794796,0.379510971488243,0.587441759863278
12413,0.0949355490934924,0.423656834257936,0.713244386317757
