8,0,1.86101186331704,3.29036769825772
12,0,1.63411637176481,2.76198394169541
13,0,2.18449487580617,2.91158669608166
17,0,0.944549262657000,2.28442167063190
28,0,1.19132140293023,2.25370694762611
33,0,0.959880200548805,1.74495432198295
37,0,1.41469690921425,2.23814055762871
53,0,1.02636557363971,2.14140893999507
57,0,0.868539178688341,1.51557971469796
73,0,0.733463021314651,1.49325540474627
77,0,0.864915745741953,1.88038881375549
88,0,0.745154214722473,1.91243426405505
92,0,0.828485709922247,1.46580015666142
93,0,1.12694622728002,1.64743955830735
97,0,0.660249266831503,1.64419694761687,1.82145899834790
113,0,0.549066769325887,1.43585154724208
133,0,0.793150333696967,1.85463063587319
137,0,0.834352925176604,1.21430047030862
152,0,0.727349471608482,1.25061954250033
157,0,0.806439296100370,1.65946578052148
168,0,0.751385720785872,1.53396217209903,1.74626817983188
172,0,0.727134285588973,1.35206437312868
173,0,0.441752132151061,1.67079861752389
177,0,0.755929364899732,1.26149225634860
188,0,0.784172445386576,1.20578688053330
193,0,0.531001985973275,1.28114966271264
197,0,0.703367865928114,1.43866926690262
213,0,0.965850568321769,1.27287606747313
217,0,0.423774770402518,1.25687089198575
232,0,0.884600596445470,1.19405972887390
233,0,0.461853283450911,1.12103610843438
237,0,0.597748770429055,1.57402635444419
248,0,0.527375447789652,1.13225304090629
253,0,0.784837144773674,1.48891961098182
257,0,0.341833772435642,1.21291349936565
268,0,0.769839245513809,1.26511109865697
273,0,0.788087072855650,1.07526939897619
277,0,0.553802706015622,1.58159682851136
293,0,0.601622564515128,1.25766944862184
312,0,0.697588446240056,1.20301572964086
313,0,0.552650663943085,1.14935183929477
317,0,0.671501027501818,1.30240292618733
328,0,0.503806601626874,1.35578929444706
332,0,0.648092388625576,1.09441422458957
337,0,0.470060477039081,1.08025769645739
348,0,0.657546089979111,1.03143197290976
353,0,0.508624910878280,1.19879939701677,1.43975089231959
357,0,0.635534448067422,1.47595984957374
373,0,0.506217941256759,1.43590781576191
377,0,0.378690731489083,1.24441660043301,1.41990660604242
393,0,0.351424920609160,1.15799420375359
397,0,0.656020785693211,1.38799821105814
408,0,0.843084747112173,1.12345168074865
412,0,0.478551381540157,1.24445362340004
413,0,0.254213870475468,1.37637230961667
417,0,0.540258671268640,0.938626933914802
428,0,0.506926122161239,1.01214415594536
433,0,0.576458585641966,0.992526323950693
437,0,0.458329759906434,1.27132734707902
453,0,0.688463861843598,1.14411702386258
457,0,0.472334534844119,1.19030996265260
472,0,0.384456939087341,1.24145019024793
473,0,0.408914631375590,1.09864786749785
488,0,0.569890277066707,1.09761509737915
492,0,0.617752897982927,1.25734143255134,1.48036751198877
493,0,0.521880195919532,1.29817500453347
497,0,0.455285467782367,0.868072638601441
508,0,0.531516768254475,1.05863317546970
517,0,0.614710684811827,1.17051104944672
533,0,0.569198191058656,1.27006361880608
537,0,0.478984559741395,1.12279623674795,1.39446434113106
552,0,0.604802994199611,1.16939900276939,1.44177086292621
553,0,0.431284963500144,1.17299384582271
557,0,0.772095622697479,0.959821520928720
568,0,0.342545008870799,1.27395855579050
572,0,0.431683341203593,1.03694769866159
573,0,0.533343660479705,1.22196150140224
577,0,0.608332628118883,0.967095303922539
593,0,0.544897833789428,0.870271506506639
597,0,0.644230216412719,1.18804442873908
613,0,0.644434632296292,1.23623624792801
617,0,0.697062366095459,0.979653598435775
632,0,0.573657464911542,1.17891821008416,1.47656710714156
633,0,0.518807762464916,0.934459043337867
652,0,0.618881175872077,1.12210459165449
653,0,0.434890318452165,1.26401594079758
668,0,0.451908028453830,0.939676753953900
673,0,0.356225008922193,0.913503837493444
677,0,0.513622851688126,0.922500208260234
697,0,0.706122450105688,0.871981932346553
712,0,0.591512227460810,0.924059543141848
713,0,0.539019643638764,0.921361995105607
717,0,0.304526305071106,1.30919027196858
728,0,0.642224973583738,0.904137720530350
732,0,0.339562052069413,1.18845169872382
733,0,0.528786964844481,1.19642295875720
737,0,0.368413060487491,0.962806125236173
748,0,0.483261234804921,1.14734949831735
753,0,0.327643862069553,1.11164217180016,1.45977648265170
757,0,0.596370144108791,1.24715489472367
773,0,0.548701034121020,1.08478795058987
777,0,0.382358274611351,0.899874057762083
793,0,0.461774132960444,1.08404001459506,1.35031237828401
797,0,0.402390710790001,1.21642478395591
808,0,0.398772954331724,1.16199634283888
812,0,0.616402993964574,0.987582905559239
813,0,0.415765708483712,1.22710888171665
817,0,0.522922158566034,0.992024298990998
853,0,0.452740958357488,1.13941678630088
857,0,0.206558753367778,0.822058081904883
872,0,0.609269781805411,0.935363822472891
877,0,0.529273661894465,1.05571162239709
888,0,0.286961293832726,1.08918168240714
892,0,0.557737770103814,1.01630550845824
893,0,0.334884910130527,1.09024499200158
897,0,0.571093278225774,0.932910761519604
908,0,0.374972522736240,0.900210333343335
913,0,0.549530825758847,0.818059724777670
917,0,0.546469218055634,1.29324642522459,1.36435114386384
933,0,0.512225518695070,1.13727869676390
937,0,0.255156781053225,1.04531412355913,1.36691887045402
952,0,0.299696739810873,1.06356316727897
953,0,0.430908920853530,0.847203177418382
957,0,0.531289674009360,1.22740210042211
973,0,0.729751678183680,1.06946287175584
977,0,0.330621602214496,1.10881211260860,1.33984931692750
988,0,0.532340901859356,1.13683961287910,1.47857541842508
993,0,0.481566018676536,1.01319973540162,1.38916294886238
997,0,0.348835144485740,1.08627179659733
1013,0,0.607704371897306,0.875282878212470
1032,0,0.708502087007796,1.01830194982317,1.29046929233506
1033,0,0.656447885010868,0.855983199439428
1037,0,0.455026520286368,1.07747345866420
1048,0,0.505421298735729,0.977651412928040
1052,0,0.459918368704689,0.978566598886317
1057,0,0.433631915967678,0.938442896237868
1068,0,0.563946900362101,1.17328412348151,1.42085329022283
1073,0,0.576409319039386,0.864617543158430
1077,0,0.576526118478735,0.930384919891217
1093,0,0.0853233338908614,1.42388679941815
1097,0,0.179208560202385,0.881775601942934
1112,0,0.341166705688527,1.03150194453885,1.47934522283458
1113,0,0.443396692157635,0.990767908032301
1117,0,0.212459536176613,1.13564357860006
1128,0,0.567625273158930,0.890777062129835
1132,0,0.270865624381029,1.04152804433194
1133,0,0.447340648227356,0.977689119999334
1137,0,0.576149627291314,1.06420859110446,1.18393231978807
1148,0,0.593111642164826,0.834969618646011
1153,0,0.131406010570712,1.07592114855852,1.27073241349414
1157,0,0.524411652154837,1.03344935735743,1.44725254477146
1173,0,0.431684184598983,1.02858654079587
1177,0,0.354138095303771,1.06660053640271,1.35393906558971
1192,0,0.449665096299655,1.01772476378435
1193,0,0.397910485274935,0.768338165920896
1208,0,0.537922568077014,1.05279472579552,1.21864558321588
1212,0,0.327952200466991,0.968934700924154
1213,0,0.626575228235760,0.971040428616724
1217,0,0.469356564666204,0.779552102148711
1228,0,0.556381222415428,0.787868876519048
1237,0,0.507937784576067,1.06792244136476
1253,0,0.418214554639544,0.974519766923274
1257,0,0.623508283291134,0.869361076412361
1272,0,0.358732022440991,0.974836502013801
1273,0,0.181315037496414,0.843273573624146
1277,0,0.299775406150297,1.11005201355556
1288,0,0.616824713439478,0.890544199856804
1292,0,0.546277952702279,1.05022594733926,1.22363098293142
1293,0,0.464446119798602,1.11016517986677
1297,0,0.247060004748424,0.900569962032728
1308,0,0.529474526543451,0.980577828644026
1313,0,0.500445091798325,0.839479516520464
1317,0,0.302561000216401,1.26575628345011,1.47374053026390
1333,0,0.281136103931283,1.14850315307371
1337,0,0.258111501651543,0.969035740311632
1353,0,0.375244029131580,1.01851360284294,1.30940431075930
1357,0,0.654589862551290,0.877359203098080
1373,0,0.665864930575886,1.02943087523652,1.32943354611185
1388,0,0.165042652015700,0.966082299815502
1393,0,0.625131745141166,0.753855630481165
1397,0,0.525573711794243,0.911308566541035
1417,0,0.605588139064337,0.802242461604710
1432,0,0.641880017540076,0.959525014546105
1433,0,0.416192495833404,0.929638150134985
1437,0,0.397480197191308,1.11214444037743
1448,0,0.294197613671311,1.11881206225434,1.21439419959013
1453,0,0.542195612699505,1.09813437570571,1.48740832812120
1457,0,0.371549296705371,0.792066255641704
1468,0,0.587336064139121,0.920939205723106
1473,0,0.477254226129738,0.626185531876784
1477,0,0.585320470133923
1493,0,0.432117708312428
1497,0,0.512606698734638,0.883881928055759
1513,0,0.226155524831675,0.892941578588266
1517,0,0.350829252477244
1528,0,0.543693121630920,0.847591727682691
1532,0,0.495064643224180,0.828651251329802
1533,0,0.416315505454449
1537,0,0.261316630217972,0.944482012108832
1553,0,0.322566226681178,0.760125146128483
1577,0,0.284386397018988,0.977225465886533
1592,0,0.509855678770402,0.840415912627068
1597,0,0.553992105264185
1608,0,0.317623106796746,0.923183108681722
1612,0,0.506591950821141,0.902097113893023
1613,0,0.368222647001832,0.861550024236877
1628,0,0.262823932481251,0.918173168607535
1633,0,0.404404678782189,0.917276033950008
1637,0,0.296065796797375,0.956823154193997
1653,0,0.613859094251347
1657,0,0.353264331920575,0.895483887282285
1672,0,0.571973223954580,0.815556383923918
1673,0,0.348515467705726,0.955795460021017
1677,0,0.704861589303255,0.899750598477144
1688,0,0.486299700791034,0.968212965930118
1693,0,0.396500402277695,0.863850256588314
1697,0,0.500094341977965,0.811050925520717
1708,0,0.586154163492131,0.951895474531721
1713,0,0.290702043605179,0.861258561936765
1717,0,0.404160549605320
1733,0,0.417645136174578,0.888532122445338
1752,0,0.465188391061240
1753,0,0.324836706926437
1757,0,0.386772107913468,0.954781048950909
1768,0,0.434482453359649,0.902393116821921
1772,0,0.534442816089321,0.887430586029102
1777,0,0.390028494065146,0.745951235162855
1788,0,0.341775169371781
1793,0,0.421736279750951,0.768442381664973
1797,0,0.600938595246094,0.857846697187359
1817,0,0.320668040050360,0.759104697726561
1832,0,0.325663299076405,0.812907384302451
1833,0,0.312654109483379,0.800104190094607
1837,0,0.268133967048876
1848,0,0.553922762030655,0.871176797924190
1852,0,0.504227542416391,0.997687405244645
1853,0,0.486814931929930,0.975151618587205
1857,0,0.436053842599201,0.937027167252593
1868,0,0.385945298073497
1873,0,0.428166072186771,0.969462823250884
1877,0,0.495865678636949,0.849609016615771
1893,0,0.620882449605812,0.875513781930462
1897,0,0.433131664621571,0.931075706640152
1912,0,0.539494405008663,0.774180516402558
1913,0,0.498860545951481,0.804332462453494
1928,0,0.552484959034522,0.839012034003334
1932,0,0.414161225505972,0.971565294715305
1933,0,0.281389397808584,0.968358541177817
1937,0,0.384314696896698,0.836123397758514
1948,0,0.326664514792514
1957,0,0.451217387580880,0.967644091268898
1973,0,0.586759361935825,0.800470440864574
1977,0,0.293379763499038,0.872581427417692
1992,0,0.468455353723105
1993,0,0.414019275944275,0.865106163739526
1997,0,0.445641402558426,0.912720564813639
2008,0,0.320085910408337,0.917226021694473
2012,0,0.401100228627266,0.713364659004948
2013,0,0.578526152778758,0.880545071282463
2017,0,0.201855345601720,0.976515024804569
2033,0,0.350076555156860,0.799866783437680
2037,0,0.361957335674524,0.990951004285059
2053,0,0.228305955156555
2072,0,0.471059017347673,0.943134467130699
2073,0,0.492835151848838,0.965598413605653
2077,0,0.399132656272594
2092,0,0.307143285140940,0.785381415512021
2093,0,0.271595637193959
2108,0,0.399370211380057,0.910603509089151
2113,0,0.543008642871220,0.863077012727098
2117,0,0.380764394292216,0.924995590696955
2137,0,0.538134224912168,0.949437526000535
2152,0,0.316177336809851,0.921716454985990
2153,0,0.404828031763869,0.879552269320452
2157,0,0.321097353852616
2168,0,0.255544889278332,0.869454370857336
2172,0,0.646811158180630,0.859980332350497
2173,0,0.654399325825281,0.846082169855226
2177,0,0.518543398677248,0.700259167308843
2188,0,0.350461064364967,0.788691750411304
2193,0,0.377110240296526,0.851399838132803
2213,0,0.344643751564960,0.936756140006168
2217,0,0.187893164206403,0.923780012215854
2233,0,0.445433048936898,0.612877790800154
2237,0,0.331704711925947,0.860943631822018
2248,0,0.426574636727557
2252,0,0.454227756396989,0.658823583508194
2253,0,0.611102948433292,0.959452572957383
2257,0,0.275514969597421,0.785975003744572
2273,0,0.106538327889365,0.832398155162001
2293,0,0.507605630195666
2297,0,0.566410794573365,0.783152196218022
2317,0,0.509567070021899,0.707084098774883
2328,0,0.380894257549736,0.958511011046009
2332,0,0.353846198033008
2333,0,0.474492710568323,0.923316485504873
2337,0,0.455438080845894,0.817431560293118
2348,0,0.375720866011560
2353,0,0.519007873950252,0.686528839708761
2357,0,0.455516024702818,0.863725942752984
2373,0,0.341712441440051
2377,0,0.443810844865167,0.754336553830518
2392,0,0.277472237955768
2393,0,0.336365809617196,0.623391925936419
2397,0,0.105376441687407
2408,0,0.496878685650653,0.632743429152461
2413,0,0.368888577166800
2417,0,0.477873107710543,0.801937412899935
2428,0,0.205623590067240,0.758918088114430
2433,0,0.460653848639933,0.916210851824828
2437,0,0.447836490222187,0.928511517889817
2453,0,0.250740723734837,0.827440164299419
2472,0,0.463372967017871,0.959202968496685
2473,0,0.141763558974657,0.980683939511107
2477,0,0.325827519275444,0.888003905435152
2488,0,0.321038406675498,0.777842370474739
2492,0,0.432740965202359,0.586984983853335
2497,0,0.403747888489589,0.613732754353485
2508,0,0.396007914543560,0.860117727900687
2513,0,0.410520942089817,0.809935946962092
2517,0,0.667983030882567
2533,0,0.478688297838860,0.943148830496609
2537,0,0.452962778925282,0.689017723814482
2552,0,0.476962035118614,0.824600734691589
2553,0,0.447555513940191
2557,0,0.413512963306000
2568,0,0.654039610024456,0.791807749260521
2572,0,0.615452288976350,0.825143877250013
2573,0,0.279064359660105,0.913885189893853
2577,0,0.374056838935916,0.806226385718007
2588,0,0.336981958432208,0.856345192094367
2593,0,0.399238001135634,0.861993129195616
2613,0,0.442068783911439,0.804015741443440
2617,0,0.350615442390916,0.659345733841571
2632,0,0.414269418303966,0.912802081452393
2633,0,0.468609329745230,0.926364846175527
2648,0,0.447812045348391,0.752140046057304
2652,0,0.523607202865229,0.967809406724169
2653,0,0.165447283931955,0.929080527589978
2657,0,0.431583114092270,0.728338061298397
2668,0,0.171136085916796,0.860166963929535
2677,0,0.515086089079077,0.865935661920819
2693,0,0.144987078490469,0.953257622666694
2697,0,0.467810543483895,0.656768909645735
2712,0,0.471293226522707,0.887765329759722
2713,0,0.174625007774788,0.904483013263367
2717,0,0.379665014534370,0.904354622301454
2728,0,0.611694299810871,0.729001299450317
2732,0,0.172945911990713,0.996724991835507
2733,0,0.349933343298741
2737,0,0.481884437541321,0.858990616750513
2748,0,0.573521935102496,0.821195755849728
2753,0,0.468039676000478,0.727933703638544
2757,0,0.213293949367897,0.916620349247992
2773,0,0.386512927777021,0.926366853854085
2777,0,0.230935843607548,0.944296460210127
2792,0,0.275473988373295,0.857982906582711
2797,0,0.392932073822812
2812,0,0.417935020878179,0.702006527225219
2813,0,0.441290448045330,0.912562736055127
2828,0,0.371012548906285,0.977556122342775
2833,0,0.400925668548139,0.670823617082730
2837,0,0.380999697244830,0.810511028462312
2857,0,0.354710913149157,0.767799957764182
2872,0,0.0960439934268187
2877,0,0.528975733157103,0.679379750948563
2892,0,0.487612194801373,0.914303106108113
2893,0,0.354502889594495
2897,0,0.565868153200247,0.769488476812297
2908,0,0.390546404792063,0.937238687227875
2913,0,0.606735959680351,0.725824413890417
2917,0,0.360802594425687,0.876080148171056
2933,0,0.515971652613340,0.800633427515122
2937,0,0.407230832777497,0.925782902287038
2953,0,0.320103436567511,0.855062202664327
2957,0,0.435180750529948,0.861741987483865
2968,0,0.397221779545578,0.953967837713791
2972,0,0.451828541868361,0.861591235855759
2973,0,0.398586755719415,0.955335288997776
2977,0,0.178143372350555,0.834061529808864
2993,0,0.196343417588039,0.812643618527484
3013,0,0.513710190622737,0.792372369380948
3017,0,0.199871976316395,0.690043919370692
3032,0,0.0693129016497367,0.914737877459293
3037,0,0.497156723225251,0.947798594715117
3048,0,0.313240947391247,0.963215764435941
3052,0,0.364676182398949,0.801677244956548
3053,0,0.446912769969689,0.768436700213766
3057,0,0.490505730679388,0.704895736482853
3068,0,0.445121544052619,0.959060154504325
3073,0,0.309199818553592
3077,0,0.234130529203174,0.858288161502063
3093,0,0.395650865945326,0.852640715722796
3097,0,0.288864958976509,0.718729087139311
3112,0,0.444853823279403,0.875098233491848
3113,0,0.462206587043694,0.816993075454281
3117,0,0.648483702522507,0.869740571495747
3128,0,0.499913922299396,0.678668926966654
3133,0,0.498020781935402,0.908526946423080
3137,0,0.311026037310107,0.635221395386779
3148,0,0.517502645201701,0.830305051658300
3153,0,0.403885494985193,0.724248337420022
3157,0,0.301586553205550,0.907843069523463
3173,0,0.426858927229229,0.883901986009068
3192,0,0.533926556629959,0.864489216803116
3193,0,0.563850571321921,0.869037247452667
3197,0,0.324459173742680,0.762556344635901
3208,0,0.303394808432485,0.886097624498953
3212,0,0.470717891441959,0.697573924822182
3217,0,0.542790666098050,0.824255508010121
3228,0,0.267545292510916
3233,0,0.145763277030124,0.627893572449952
3237,0,0.443040289474226
3253,0,0.244360328945374,0.999693007855304
3257,0,0.387180113195590,0.800434367699943
3272,0,0.527439907529528,0.750863108944327
3273,0,0.458464342391127,0.674578125366390
3277,0,0.494526034570126,0.820568427880122
3288,0,0.360780393787409,0.778678724063126
3292,0,0.540258417460060,0.787874439077058
3293,0,0.212697814213218
3297,0,0.216549015910735,0.799083686584450
3308,0,0.225575789756760,0.960352102656431
3313,0,0.333161866521774,0.857511922013523
3317,0,0.497786911470252,0.741370327382917
3333,0,0.392469548000800
3337,0,0.198885615418520,0.886830057995372
3352,0,0.262989548094573,0.892045562993091
3353,0,0.260624184270676,0.839462630205660
3368,0,0.489755026607129,0.814439891613786
3372,0,0.566013915311443,0.730280669292297
3373,0,0.257187396082935,0.829916739325386
3377,0,0.294740945665933,0.726343888787650
3397,0,0.442626241104079,0.795909749017709
3413,0,0.406910872396834
3417,0,0.219837189825971,0.956722497240528
3432,0,0.380084817157151,0.969809418659222
3433,0,0.357185562980935,0.700733110131315
3437,0,0.580801035526017,0.891823162288647
3448,0,0.598016127010596,0.734706947181833
3452,0,0.360549508262962,0.862128198107333
3453,0,0.457779383942687,0.956080189249968
3457,0,0.347859798650778,0.783291674566583
3473,0,0.236596974263428,0.690875202711473
3477,0,0.522224615962315,0.853721538960511
3493,0,0.372364177715404
3497,0,0.344702015946995,0.814709131240174
3512,0,0.363948138782603,0.867711124942515
3513,0,0.258101421969106,0.848369339456659
3517,0,0.489654437910121,0.724799085135857
3532,0,0.433064343620790,0.876682985191053
3533,0,0.218885725745037,0.702403887588300
3548,0,0.0992419262455294,0.779807688931739
3553,0,0.257547915352456,0.787014895183980
3557,0,0.635234577848386,0.826990434347171
3592,0,0.370734751588721,0.894076831611187
3593,0,0.326944702564873,0.776274946946809
3597,0,0.241994261335599,0.921002602804723
3608,0,0.439093793229422,0.835372239126615
3612,0,0.274696646843900
3613,0,0.358900206804368,0.902791837138224
3617,0,0.400220306988698,0.816463855568246
3628,0,0.316142962685847,0.925921250285159
3633,0,0.553916618393171,0.859128989896675
3637,0,0.445274436097402,0.705712551577245
3653,0,0.522467883818110,0.906759495198737
3657,0,0.436532528614428,0.790607914612463
3673,0,0.313159630029289,0.802675238819218
3677,0,0.339935215635634,0.919344053835866
3688,0,0.252439753753310,0.928813844122922
3692,0,0.292572762498203,0.851794331257048
3693,0,0.435024803917463,0.913333523841479
3697,0,0.525439637804240,0.850492189173629
3713,0,0.379999995220979,0.634389839696708
3733,0,0.628311597545251,0.990166333294434
3737,0,0.310403808959432,0.615729432723414
3752,0,0.492459780690064,0.920233129893288
3768,0,0.358561177342254
3772,0,0.271484565102539,0.821634003231108
3777,0,0.323599037156809
3788,0,0.467633546749010,0.861060709901666
3793,0,0.371316851113672,0.787913941983109
3797,0,0.0704394114359836,0.886619058532786
3813,0,0.369078274112031,0.647197595918203
3817,0,0.498572820554397,0.847098977248829
3832,0,0.161381358091725,0.863783354769071
3833,0,0.428513491804846,0.804488311417136
3837,0,0.539106762356294,0.932879027871232
3848,0,0.452679777750347,0.704743142751884
3853,0,0.233768461860416,0.931970985494144
3857,0,0.218090232217227,0.784827400650551
3868,0,0.376655424966715,0.900717555763954
3873,0,0.354173215297714,0.940516699606912
3877,0,0.182696710996459,0.994616426743730
3893,0,0.384936492369159,0.830171449732095
3912,0,0.314904405565079,0.928723210073329
3913,0,0.293131937513514,0.722834440646453
3917,0,0.251011065467141,0.940913167532910
3928,0,0.406564435539999,0.833907772699458
3932,0,0.414108458342221,0.867791232507675
3937,0,0.419073581150901,0.635570911393594
3948,0,0.572370795232537,0.640961762207168
3953,0,0.468222974637023,0.778485310857589,0.975516098491968
3957,0,0.405033099559832,0.922097549105789
3973,0,0.368797809465059,0.833143874027519
3977,0,0.216060985687907,0.855719653036466
3992,0,0.133418499952576,0.879621716434536
3997,0,0.523581533620855,0.919405854032586
4008,0,0.523268653980268,0.745438426261390
4012,0,0.475866072536798,0.738278864180333
4013,0,0.418709888304190,0.869630720570551
4017,0,0.453181585167339,0.612737287165801
4028,0,0.438013053491718,0.662948649279866
4033,0,0.294379809566753,0.833028978308481
4037,0,0.477512859602946,0.834208824314858
4053,0,0.548411172163651,0.830331209123135
4057,0,0.524451585160888,0.691303431835465
4072,0,0.293851601606579,0.774416950035771
4073,0,0.360642767347862,0.806774008523965
4088,0,0.260018972259066,0.847856602024905
4092,0,0.322005337190397,0.885637519352674
4093,0,0.330006662144371,0.908255551794679
4097,0,0.316807212624682,0.774938079905365
4108,0,0.554205033186307,0.864280789084564
4117,0,0.358995652753743,0.814759862984276
4133,0,0.290163344025280,0.731155621962946
4137,0,0.442919342621825,0.767397519981549
4152,0,0.313094156074366
4153,0,0.213417006797007,0.913929040805810
4157,0,0.200303622453672,0.733524473964270
4168,0,0.324565264905755,0.868715949967272
4172,0,0.485537154365570,0.762815940651740
4173,0,0.276670290220494,0.983836202857765
4177,0,0.481632973001373,0.712068452629052,0.996020410925833
4188,0,0.489500958682672,0.767410683472670
4193,0,0.401160234537628,0.647102086589506
4197,0,0.405625967001151,0.994762979180519
4213,0,0.208822240585386,0.773280205520769
4217,0,0.275981574891176,0.770556162687803
4233,0,0.473617273232112,0.588647891358564
4237,0,0.340753418508918,0.921656583124617
4252,0,0.483251564927421,0.628937306580723
4253,0,0.411710227177392,0.891425281914009
4268,0,0.523843094372789,0.628512499788425
4273,0,0.441376770989186,0.682795334673209
4277,0,0.397636567849565,0.836460826410344
4297,0,0.349867978287490,0.730682979439338
4313,0,0.214450615771378,0.791666470116658
4317,0,0.528506960292382,0.790245452751326
4328,0,0.210170085092757,0.776762991709712
4333,0,0.512306684907308,0.689460448245586
4337,0,0.452748789730005,0.770583916903201
4348,0,0.341378372207408,0.965140617292711
4353,0,0.334393007294950,0.862858420964778,0.975759610446317
4357,0,0.534055807615735,0.910997244162615
4373,0,0.210126556448358,0.787461209824206
4377,0,0.260778291094753,0.855651706350710
4393,0,0.404995063063009,0.816188419468621
4397,0,0.349393600635451,0.689074027024896
4408,0,0.303494315123960,0.677912319216778
4412,0,0.390608828019211
4413,0,0.407840509419192,0.873226589055974
4417,0,0.383303811618338,0.709028267911886
4433,0,0.482982387166964,0.745933662306929
4453,0,0.545446624304493,0.948342647250447
4457,0,0.230840473904454,0.681934003569901
4472,0,0.184505417386813,0.755057914383060
4488,0,0.518221902005335,0.789696830824416
4492,0,0.243120347978619,0.906284261617339
4493,0,0.505050923502235,0.826781657475579
4497,0,0.225472460854944,0.781508417736906
4513,0,0.363606926638184,0.888146543044020
4517,0,0.0244798616799659,0.884748439513311
4533,0,0.333249770519620,0.897353279835246
4537,0,0.365563788764373,0.706440591654895
4552,0,0.743588335581340,0.818398962055744
4553,0,0.227172066527956,0.667902302316882
4568,0,0.500070789635233,0.782828254421085
4573,0,0.487834961810601,0.586143007739762
4577,0,0.302834721138506,0.744246559938786
4588,0,0.536813594171338,0.691390689919558
4593,0,0.125894446772683,0.701924514030898
4597,0,0.381709894952299,0.719130877776925
4613,0,0.325474400306182,0.841893016653216
4632,0,0.481185074713130,0.785264742404219
4633,0,0.339208092168219,0.738351793525686
4637,0,0.421963884885786,0.772073333293478
4648,0,0.328974942702236,0.736049044718354
4652,0,0.388785948763973,0.760816090567467
4657,0,0.215058397291156,0.858034853738393
4668,0,0.332719160779373,0.849964001589516
4673,0,0.325066348763418,0.823532321627378
4677,0,0.270669706595803,0.779510925122878
4697,0,0.391193285379702,0.717404881335337
4712,0,0.514884257699233,0.739867151270634
4713,0,0.379650334451483,0.955117627028745
4717,0,0.241033449898284
4728,0,0.521000983188791,0.659669443674407
4733,0,0.398220464528194,0.698118668577665
4737,0,0.322507116300656,0.885657821893103
4748,0,0.401582927368330,0.743030016031908
4757,0,0.215341634565280
4773,0,0.545186784815600,0.780641237794671
4777,0,0.292418534320684,0.946947481753047
4792,0,0.429859573624007,0.730359091567818
4793,0,0.375730264358672,0.495342460348223
4808,0,0.433880639303026,0.833046682999537
4812,0,0.401250997602956,0.909324063095832
4813,0,0.350330259319408,0.929122953774535
4817,0,0.385326414962971,0.767950550165372
4828,0,0.372071113983257,0.699386477374233
4837,0,0.435737719403004,0.886503452582492
4853,0,0.358794321124212,0.620905892785272
4857,0,0.413413800149410,0.742897318756526
4872,0,0.324504457092745,0.845937203093923
4873,0,0.572808800978401,0.765387784558640
4877,0,0.300080849599057,0.796244763780490
4888,0,0.418631401017029,0.885339046546759
4892,0,0.301170818832690,0.581324803351420
4893,0,0.352267084544574,0.997126931359809
4897,0,0.336248675461674,0.645387782373526
4908,0,0.522703829042638,0.777469437647992
4917,0,0.367698703126387,0.850147913086087
4933,0,0.509522282345682,0.824848149216294
4937,0,0.353297308873274,0.763853668164495
4952,0,0.147841702061108,0.606910762516557
4953,0,0.235862299071509,0.786376229004811
4957,0,0.366376174404559,0.783994468899996
4972,0,0.237786862883063,0.881230676371729
4973,0,0.395058304820664,0.885434914048230
4988,0,0.163152062217663,0.862318107105717
4993,0,0.289678947087891,0.510987961538633
4997,0,0.542982588375195,0.766299738510606
5017,0,0.402876093789322,0.708939737619059
5032,0,0.372975691248413,0.868397279996282
5033,0,0.210851432382675,0.893533846282080
5037,0,0.287908826876006,0.888825323969144
5048,0,0.351489361130522,0.793006900772780
5052,0,0.531679369923203,0.828305686556171
5053,0,0.279109061131730,0.785804013247473
5057,0,0.435251420292597,0.588246485081630,0.977858535298778
5068,0,0.381047231106536,0.769534291370797
5073,0,0.289452349638939,0.655514794549493
5077,0,0.318727129220165,0.953871497171698
5093,0,0.343927628710586,0.825949786688248
5097,0,0.404472583584841,0.827201817655507
5113,0,0.373833896556349,0.613292365345055
5117,0,0.543457982751470,0.768430735079955
5128,0,0.356362971847063,0.913261359135519
5132,0,0.346115928991883,0.742256918097957
5133,0,0.322204679058176,0.912116393575619
5137,0,0.105101444722908,0.841365186282624
5153,0,0.598092306663036,0.757076517714591,0.979510829274405
5173,0,0.491726652890928,0.830687539360575
5177,0,0.310912588236491,0.720280727143074
5192,0,0.317825254062090,0.918312743527701
5197,0,0.193937097065509,0.807839429296122
5208,0,0.513774899517550,0.838092184727738
5212,0,0.325459877351767,0.947303461833026
5213,0,0.462850637119614,0.858255067336218,0.983967860963341
5217,0,0.409473489750852,0.876994705329234
5228,0,0.566888294734673,0.734769665295923
5233,0,0.200216924652730,0.716672079562067
5237,0,0.404536157672844,0.809023697113951
5253,0,0.143504746969559,0.826605293060167
5257,0,0.353698547928032,0.788853557973687
5272,0,0.355898530975783,0.950660848547606
5273,0,0.183354930868722,0.808715167098123
5277,0,0.354681143646679,0.732005186020162
5288,0,0.243867670798604,0.743729298368396
5293,0,0.411209490112736,0.816897466797667
5297,0,0.434780702546437,0.645814651101428,0.953001841467521
5308,0,0.307492492385295,0.752683060686371
5313,0,0.372047445620824,0.662089548626210
5317,0,0.393185055834727,0.914146425952236
5333,0,0.335759973970448,0.814684764671307
5352,0,0.105430970028865,0.752390080367928
5353,0,0.212242434944680,0.689287485898041
5357,0,0.434928969229737,0.709210648037501
5368,0,0.401204157504721,0.719917401155038
5372,0,0.396183776614874,0.641364220556874
5377,0,0.236282424253993,0.885613201296170
5388,0,0.559793863193467,0.838962983234100
5393,0,0.483716482002701,0.736300662528201
5397,0,0.519355230455022,0.876877405610665
5413,0,0.571104405774091,0.745885625509077
5417,0,0.149027873053154,0.682700876792268
5432,0,0.565507564064314,0.789705118746399
5433,0,0.400234449075291,0.638417757523415
5437,0,0.298352423188656,0.731552127010468
5448,0,0.372465839208712,0.887305354962162
5452,0,0.176956560997834,0.725444804337756
5453,0,0.312114783491965,0.845814182083957
5457,0,0.245257426787566,0.864166499974896
5468,0,0.269779930725050,0.858667895628845
5473,0,0.295729633783388,0.871605510619080,0.990318228578976
5477,0,0.440737124732540,0.641581443191386
5493,0,0.382906871612070,0.888336193872439
5497,0,0.466957021996388,0.763772042966792
5512,0,0.360088875033140,0.927829411681085
5513,0,0.290885028611978,0.645306289792069
5528,0,0.270021142736771,0.680337190178993
5532,0,0.360149001631254,0.672913588654370
5533,0,0.475764942506802,0.737803111810110
5548,0,0.349430294004402,0.821627225517101
5557,0,0.367898636023884,0.950887787764731
5573,0,0.320265804057183,0.683707254294780
5592,0,0.459894728345210,0.886510688425143
5593,0,0.330970880670035,0.692705078293407
5597,0,0.399031372239158,0.942702836333045
5608,0,0.354654607739321,0.982160450116889
5612,0,0.171440117839426,0.864911384700735
5613,0,0.237582483959051,0.926365307593608
5617,0,0.127391957256842,0.663580535590070
5628,0,0.427110696102147,0.798531640182408
5633,0,0.355201690731375,0.798768029995179
5637,0,0.418013986499280,0.889506560669609
5653,0,0.0970469834171008,0.945891393853439
5657,0,0.511162434983846,0.733543812711246,0.996752227869045
5672,0,0.249700511301152,0.663310654281612
5673,0,0.563144723237080,0.719589888250091
5677,0,0.338211655670358,0.829022348292607
5692,0,0.623415485752251,0.762704308891743
5693,0,0.140757773353482,0.716712203228719
5708,0,0.314134845870963,0.548540383340836
5713,0,0.208026837885766,0.847039421382842
5717,0,0.352963425250203,0.684710063268922
5737,0,0.325446470248097,0.540843393138964
5752,0,0.218945172808171,0.773861210772557
5753,0,0.300474864754630,0.623078768910606
5757,0,0.494430342246539,0.938643502631092
5768,0,0.217116631616911,0.961301532436676
5772,0,0.518329474372554,0.713938993972477
5773,0,0.278327532170681,0.921698616465759
5777,0,0.451470994791991,0.693706972835321
5788,0,0.292222826254340,0.807483686155806
5793,0,0.481632344945074,0.822081385666863
5797,0,0.315904878552126,0.813542201585788
5813,0,0.120136702994581,0.996520273949510
5817,0,0.168633963280669,0.814303909256358
5833,0,0.483541774417050,0.646052141296546
5837,0,0.276555930060297,0.709541168934900
5848,0,0.282331929085235,0.782864802026021
5852,0,0.283917447252236,0.880623212256214
5853,0,0.309067429100224
5857,0,0.497567627313915,0.897429480867335
5873,0,0.142750827021905,0.747123605742370
5893,0,0.345629960763084,0.628325006356780
5897,0,0.327197724831009,0.812418025365753
5912,0,0.368932579597854,0.670042813075664
5917,0,0.301770299768365,0.797263698863202
5928,0,0.366058087110894,0.667138109641091
5932,0,0.405734242380025,0.890512974746401
5933,0,0.476080800795553,0.857672351692480
5937,0,0.278267331514464,0.683935061072248
5948,0,0.549898087672204,0.764223333736002
5953,0,0.445498199314369,0.659744475566912,0.965043431379803
5957,0,0.483130547883906,0.631200951220924
5973,0,0.397137290039292,0.937173817355471
5977,0,0.136113785122828,0.882480099926109
5992,0,0.441996423498046,0.622181081532652
5993,0,0.243450411346109,0.838540000704255
5997,0,0.136984976400867,0.799857228204363
6008,0,0.337549943636835,0.888619304626914
6013,0,0.528703773631560,0.801883230964531
6017,0,0.270567548584728,0.843016522953860
6028,0,0.367053302721807,0.703130977529956
6033,0,0.334877740805694,0.701981823385625
6037,0,0.488679431966716,0.754390871887647
6053,0,0.311156045000023,0.829110968302669
6072,0,0.425361090607570,0.850789643472750
6073,0,0.397150487464307,0.733712966208997
6077,0,0.493423960322591,0.879260196477619
6088,0,0.255026792663051,0.754368130665676
6092,0,0.316814938304161,0.889200584883929
6097,0,0.230348409260409,0.748857677699124
6108,0,0.547231375151522,0.775527635431010
6113,0,0.302632419334350,0.427119848094072
6117,0,0.441159543151254,0.825677701256095
6133,0,0.255423084323285,0.862939329516109
6152,0,0.252853136571275,0.765120633415763
6153,0,0.459368274077830,0.867787401852448
6157,0,0.209990133449958,0.855791861663547
6168,0,0.260340436965519,0.802853432750180
6172,0,0.492471278803694,0.851532238068924
6173,0,0.0486294065334797,0.859501144243227
6177,0,0.359173325785850,0.550055744374887
6188,0,0.322778447893867,0.631191735409670
6193,0,0.295474387144871,0.699051057523809
6197,0,0.264634399567851,0.776600682337577
6213,0,0.506465661471613,0.734398815689596
6217,0,0.437714572944692,0.743691486863120
6232,0,0.342713550245812,0.811109012681834
6233,0,0.364792795622540,0.719436499582619,0.975234828989273
6248,0,0.542779117177848,0.777083323105790
6252,0,0.523153166958853,0.934929748845771
6257,0,0.373657544122980,0.732661726101404
6268,0,0.311855877076140,0.824106441561008
6277,0,0.411970143280630,0.784257180485016
6293,0,0.410005629577367,0.909846064649935
6297,0,0.199824407622742,0.842330899622041
6312,0,0.444066431546727,0.840844342010781
6313,0,0.142754631770732,0.945167388521639
6317,0,0.471506533695910,0.704061319191776
6328,0,0.385427266557998,0.841409693865845
6332,0,0.208280675593542,0.777788314970112
6333,0,0.312553702137806,0.905038329440242
6337,0,0.485539733391674,0.764693412608741
6353,0,0.273813807215214,0.637857845444745
6357,0,0.316028593684739,0.894249170063652
6373,0,0.327802309464380,0.810659715476840
6377,0,0.411563533702667,0.627700096538636,0.999370884762530
6392,0,0.342249061043554,0.818754934541199
6393,0,0.232591936546396,0.769869371781288
6397,0,0.214340991660503,0.747529401654318
6412,0,0.364082392948297,0.764637958535869
6428,0,0.558524965880407,0.768059581529572
6433,0,0.387398719953443,0.727163190300673
6437,0,0.459778548287821,0.660719194032773
6457,0,0.320247011413438,0.589088129469778
6472,0,0.486558860148359,0.713431172619624
6473,0,0.232702896028257,0.665837099361537
6477,0,0.447492642501053,0.904052757604908
6488,0,0.432395813034808,0.629185543540491
6492,0,0.312617941020493,0.673466726429833
6493,0,0.336101873189344,0.890350037917657
6497,0,0.406467290205918,0.670821569036753,0.859110239181878
6508,0,0.268371683233196,0.833194449280679
6513,0,0.203164505983758,0.774704834437500
6533,0,0.350188249342995,0.918503867116581
6537,0,0.574012421996969,0.729811176109254
6553,0,0.551840298915971,0.674742327554594
6557,0,0.245781768736370,0.778068271671341
6568,0,0.196738344816843,0.795955184378822
6572,0,0.414860293711904,0.827984988373868
6573,0,0.367402220180292,0.659239059083623
6577,0,0.301790935355737,0.792001295131897
6593,0,0.316383057629287,0.835709377374626
6613,0,0.241876613812954,0.766495629072914
6617,0,0.427689792767266,0.604563288367712
6632,0,0.424985946358590,0.838795825202509,0.980193188489070
6637,0,0.406469451250005
6648,0,0.301683590025906,0.927762608891648
6652,0,0.268567451495305,0.605303757813550
6653,0,0.433684084664874,0.654878613164523
6657,0,0.465963510075499,0.800180472532665,0.959241125333276
6668,0,0.408883567060468,0.588947685105679
6673,0,0.122683810825765,0.775052016215861
6677,0,0.379592848980066,0.664062002459361
6693,0,0.540966293280588,0.837966883882646
6697,0,0.285009535781570,0.773979864128399
6712,0,0.316386610900918,0.807080088360461
6717,0,0.400705485330876,0.711920239090925
6733,0,0.456464782373228,0.883496414472539
6737,0,0.235626018289860,0.767344482268080,0.999594606719835
6748,0,0.297042542461610,0.835360806192539
6753,0,0.229717178017692,0.741489414900148
6757,0,0.311948939735598,0.769610167189197
6773,0,0.418536937505633,0.685671051671007
6792,0,0.587833056861391,0.915485948325376
6793,0,0.321500320968051,0.421169762559240
6797,0,0.176496593103898,0.833151908242334
6808,0,0.451854522387391,0.671413245711090
6812,0,0.406354589498623,0.707029661028612
6817,0,0.166777265449370,0.761571164535088
6828,0,0.163824520412885,0.762885178959899
6833,0,0.171083850866885,0.715958941753589
6837,0,0.364600598531707,0.662951480779560
6853,0,0.475821311097693,0.733044824916907
6857,0,0.226454866705241,0.813040120736574
6872,0,0.287932043955967,0.816425229511837
6873,0,0.422578884360309,0.734292221187779
6888,0,0.260582532534606,0.877892548809413
6892,0,0.422479021201291,0.732110937261270
6893,0,0.444220894725274,0.741559254135812,0.921829477682156
6908,0,0.468660464434235,0.685127814123100
6913,0,0.142606204574332,0.777069963548357
6917,0,0.279489639334810,0.834362626408053
6933,0,0.222915809214338,0.986510758252987
6937,0,0.245798161673234,0.766051905859872
6952,0,0.370658997831218,0.929397327280287,0.989219320217597
6953,0,0.251602555723105,0.832723799890448
6968,0,0.467088101023034,0.605894061839730
6972,0,0.352449973598713,0.769193867446841
6973,0,0.276189366832006,0.727219821760708
6977,0,0.471562077591830,0.658859238978722,0.933613694638248
6988,0,0.299763554837559,0.948845277843143
6997,0,0.582085867735537,0.897425320172337
7013,0,0.408871897527678,0.681987622539865
7017,0,0.198550821676875,0.634679722123950
7032,0,0.412562766957283,0.836630258425985
7033,0,0.426582735420327,0.723797465335606
7037,0,0.309161789646745,0.809992708483806
7048,0,0.419710884788465,0.614128798844935
7052,0,0.272752031357924,0.760318878417527
7053,0,0.538295189126597,0.719079685619668
7057,0,0.234130510993035,0.729091207598268
7068,0,0.335021908592740,0.744712411771529
7073,0,0.329910347175495,0.675084716484362,0.979270654547907
7077,0,0.338217124533969,0.997460019810659
7093,0,0.581912158404138,0.853987092651898
7097,0,0.221605706603925,0.631505901702161,0.987336284766989
7112,0,0.430915082039232,0.665176597433360
7113,0,0.306182243487535,0.719147084731060
7117,0,0.318780159016061,0.815900341281175
7132,0,0.512876206961346,0.701355958918580
7133,0,0.296041233719897,0.691714740311120
7148,0,0.470027233645467,0.830303986002339
7153,0,0.362486607975281,0.714276482495788
7157,0,0.332360039063715,0.639815522951550
7177,0,0.286617485639487,0.732676627639129
7192,0,0.313212695705438,0.659353149073195
7193,0,0.286289995773146,0.605932625793731
7197,0,0.286681273439947,0.938380163305784
7208,0,0.236248362904524,0.876993605115945
7212,0,0.260812705016778,0.807588939157251
7213,0,0.385562330157439,0.663634542966373
7217,0,0.370144224953056,0.745140421578251
7228,0,0.356122174187352,0.683625445461939
7233,0,0.300193961266379,0.763545005602995
7237,0,0.349174173202522,0.716861070535044
7253,0,0.392027598117577,0.693708784445463
7257,0,0.378647669593367,0.530198711930598
7273,0,0.503357386882008,0.610342193430803,0.983175520556729
7277,0,0.467237529615802,0.681455330206262
7288,0,0.460027137509060,0.749439317951972
7292,0,0.216645289590855,0.733433349646658,0.961224708648381
7293,0,0.439881248415693,0.707257014858241
7297,0,0.216135223263983,0.746056894347387
7313,0,0.316922831682789,0.716173382728257
7333,0,0.409062043404229,0.659357554764697
7337,0,0.404587375820364,0.633035313979639
7352,0,0.414327532945915,0.853005163547811
7357,0,0.401273178119302,0.810075085801186
7368,0,0.213437662252788,0.835612888584919
7372,0,0.302174414884465,0.619669869129582
7373,0,0.571651851228791,0.758133517167063
7377,0,0.327919512283745,0.845122110369134
7388,0,0.325144105989727,0.721201790644580
7393,0,0.357233554774585,0.782470226552726
7397,0,0.391008728921227,0.870001478795210
7413,0,0.259465994976695,0.760088701633496
7417,0,0.374457042299939,0.794618543222091
7432,0,0.0851675614517871,0.763708115580893
7433,0,0.162274343089207,0.753453731121877,0.906780238399546
7437,0,0.308958035814500,0.804158754671955
7453,0,0.328615927918305,0.821418418419482
7457,0,0.326265210248821,0.740714186788303
7468,0,0.212943120921676,0.716865378821753
7473,0,0.482347418194529,0.744410141987966
7477,0,0.318579259666753,0.793866369669276
7493,0,0.474195278882524,0.803463627046013,0.989010145202316
7512,0,0.397244731262446,0.885281715017306
7513,0,0.337266563750425,0.787397559444720,0.982851763224875
7517,0,0.384335228713731,0.604202916311280
7528,0,0.153255322600233,0.898989250037970
7532,0,0.309868648552132,0.743450448067124
7537,0,0.222276352667908,0.450976610326491
7548,0,0.283765995009451,0.919757762428434
7553,0,0.407795663232515,0.593538501379089,0.844794460501913
7557,0,0.475631741753655,0.624553574553641
7573,0,0.303198386808243,0.858416914326325
7577,0,0.387967639421417,0.743699266165263
7592,0,0.276872957142349,0.810617822734542
7593,0,0.465408049745379,0.658553424351502,0.928850191077398
7597,0,0.472047106891595,0.947445289404151
7608,0,0.264856706731773,0.756249283947830
7612,0,0.468080180935644,0.827714780077156
7613,0,0.223849062728387,0.936650117454242
7617,0,0.420427430648630,0.701516294571606
7628,0,0.320385008588016,0.749471106929159
7633,0,0.405440462584655,0.610332901187299
7637,0,0.235338642841837,0.924881529623721
7653,0,0.215861722187596,0.774037175198181
7657,0,0.373204605991264,0.675304440903959
7672,0,0.390648788975880,0.711533410401981
7673,0,0.181890376088615,0.609746319674728
7692,0,0.485349700930619,0.884051384567498
7697,0,0.191854331122767,0.669132242263714
7708,0,0.144365449307748,0.772240100381873
7717,0,0.197139002293636,0.842784370472346
7733,0,0.304612945605376,0.861030764697703
7737,0,0.456343836901843,0.817959832355409
7752,0,0.268175285449606,0.653407646474970
7753,0,0.525308782467937,0.714853906857432
7757,0,0.215778330120817,0.755839855644892
7768,0,0.377346818291164,0.743610078019254
7772,0,0.446673382663503,0.597251818933030
7773,0,0.276455445126119,0.683608427056581
7777,0,0.429888171151750,0.666858382647304
7788,0,0.280584445010644,0.920970855018419
7793,0,0.386791699698623,0.712457085767118
7797,0,0.505515425686366,0.802082684550801
7813,0,0.225917595810117
7817,0,0.248900088494742,0.531170494434434
7832,0,0.499241601150274,0.692330702885000
7833,0,0.468888769500723,0.853319811473352
7837,0,0.533138129284524,0.913483754514887
7852,0,0.0937242371253305,0.880654844729978
7853,0,0.337212970530489,0.628598097292960
7868,0,0.199349020380847,0.694461152739085
7873,0,0.365084616070852,0.709550686764363
7877,0,0.366452227202845,0.819935675517735
7897,0,0.355523104454059,0.640914992809678
7912,0,0.310446333074849,0.752273608554267
7913,0,0.284908642382734,0.779584557172734,0.928464016967676
7917,0,0.358145246653146,0.687656060155327
7928,0,0.465989316589262,0.687018508132084
7932,0,0.376879295553853,0.920352510674796
7933,0,0.246146639693479,0.663272173324659
7937,0,0.296573073271850,0.548665658011378
7948,0,0.387449019587445,0.851743928525654
7953,0,0.247445170029930,0.844912335599465
7957,0,0.231549907607942,0.766862417435273
7973,0,0.448519466989950,0.641604006949074
7977,0,0.296283652740555,0.780834548066726
7993,0,0.314028182541344,0.671010613738535
7997,0,0.355016795124580,0.726458805021220
8008,0,0.360356372884266,0.848603601257892
8012,0,0.223880202354997,0.868884475970798,0.954642803060652
8013,0,0.518179564571464,0.714748679394969
8017,0,0.261989866306121,0.601570951148343
8033,0,0.395287539779967,0.623533584723375
8053,0,0.250503103743977,0.858701228664439
8057,0,0.303578490940991,0.804078753213105
8072,0,0.508173413270496,0.767347328301127,0.994353332008584
8077,0,0.420263660057161,0.844052017265262
8088,0,0.456248596854950,0.692986507361068
8093,0,0.277975525706421,0.767796268388822
8097,0,0.199111249987103,0.815668145233830
8108,0,0.267593010897763,0.800789411614594
8113,0,0.380274008370783,0.677148188997947
8117,0,0.144468492417741
8133,0,0.334360502318232
8137,0,0.250147034412250,0.810528563808187,0.911346541631108
8152,0,0.365035993853179,0.880075468558587
8153,0,0.0994349051118426,0.695770150945914,0.987461134930598
8157,0,0.347653783513815,0.889838521114790
8168,0,0.364200545866622,0.684265768647864
8173,0,0.159069217377849,0.726661613135452
8177,0,0.353734924743110,0.750589935803606
8188,0,0.436675850193209,0.674792937200085
8193,0,0.539476814191288,0.733056611030074,0.946975012778165
8197,0,0.337898242377181,0.716139944283772
8213,0,0.246955079580988,0.851334335945439
8233,0,0.386992663344886,0.626333215332858
8237,0,0.322694252995731,0.798905064793847
8248,0,0.441162698653349,0.793898721776616
8252,0,0.373604868218161,0.541949400950886
8257,0,0.242289379714834,0.743586263492360
8268,0,0.238111218644366,0.839407848713552
8273,0,0.216229551295633,0.656227588056695
8277,0,0.554104175939445,0.750768428791501
8293,0,0.271600110712781,0.596768481917322
8297,0,0.312999326242515,0.659602987260451
8312,0,0.453833067842508,0.625387430268798
8313,0,0.510585397673350,0.696543380963633,0.955046223291026
8317,0,0.325882984782990,0.841322531811170
8328,0,0.390035008378775,0.791369849399718
8332,0,0.123887916849573,0.908403415480476
8333,0,0.198095165130916,0.726159294974303
8337,0,0.371079974551027,0.689080847183077,0.949715320968360
8348,0,0.482503714406656,0.729171821793746
8353,0,0.429238015075703,0.600261130906028
8357,0,0.185954245128700,0.792691080721223
8373,0,0.301054137790495,0.737615937068573
8377,0,0.376038402788547,0.701486977649044
8392,0,0.370346399916283,0.697945225004673
8393,0,0.370370067889849,0.560295224400439
8408,0,0.388057497762634,0.727723849341610,0.963706226119518
8412,0,0.324094519439448,0.743193584070965,0.962603631580747
8413,0,0.420015599374853,0.677586666109029
8417,0,0.209273130752907,0.586102909273231
8437,0,0.470920527005865,0.739314717885520
8453,0,0.551115708895669,0.771819735020283,0.998314961675153
8457,0,0.447559632685643,0.757690943628411
8472,0,0.284110694059771,0.781902852363107
8473,0,0.344794988762903,0.673645573765655,0.919333563833442
8488,0,0.305580202759201,0.541455864857656
8492,0,0.0490471279218291,0.758661361915777
8493,0,0.176399821094466,0.889265789747999
8497,0,0.423541462612136,0.803164322915130,0.947966847596322
8508,0,0.240081805593534,0.882453335817651
8513,0,0.111752723826179,0.791888212893133
8517,0,0.553778897822813,0.822062031921929
8533,0,0.363851083018851,0.641470267480471
8537,0,0.440418350648548,0.709125377290753
8552,0,0.363878360356642,0.891337701753348,0.986935610479364
8553,0,0.297148959849719,0.556812805320606
8557,0,0.251512512268522,0.711807438521130
8572,0,0.397357322949677,0.875454539378403
8573,0,0.514632225354056,0.846997319650699
8588,0,0.155585065550045,0.774280331505026
8593,0,0.477838751652375,0.765867750014595,0.935733800331604
8597,0,0.395323899860596,0.636168271956186
8617,0,0.314121260801498,0.794666313684366
8632,0,0.340328530135451,0.845405977856219
8633,0,0.299271938250379,0.737385795529551
8637,0,0.299775402736687,0.787976928919790
8648,0,0.294127562055433,0.534339449738015
8652,0,0.277672503648604,0.932028907926432
8653,0,0.230292600107549,0.927435267380064
8657,0,0.251792063386937,0.645984652429146,0.950772053514575
8668,0,0.373851394213511,0.900071182102618
8677,0,0.337816149205737,0.739600093461955
8693,0,0.375623232916681,0.630870165569387
8697,0,0.310397644933449,0.626427467995835,0.990246745508544
8713,0,0.277618724233322,0.706906244728214
8717,0,0.438187570733896,0.864151366537361
8728,0,0.341655769358950,0.908739365174434
8732,0,0.338696851997405,0.783307080282398
8733,0,0.360276791920932,0.750271617342983
8737,0,0.332215688251018,0.728071388757496
8753,0,0.349853607219692,0.642453769635322,0.887526502918510
8773,0,0.539726287812350,0.792134008017914
8777,0,0.267369103049051,0.613798356350727
8792,0,0.256497552641795,0.656235950256624
8797,0,0.338207736227909,0.687092542000904
8808,0,0.460459202723316,0.830691095610038
8812,0,0.381171342570291,0.742008842364346
8813,0,0.361609184157714,0.763179094799698,0.993037281826071
8817,0,0.306223647877589,0.654567833848232
8828,0,0.295331876742167,0.709640025129935
8837,0,0.222424308877857,0.643008959460060
8853,0,0.499511480505173,0.748474855055590
8857,0,0.186739580679924,0.567112012348295
8872,0,0.253969120911624,0.822635484033420
8873,0,0.371587507949758,0.621558303062566
8877,0,0.518171820493569,0.853062953149281
8888,0,0.316493651166520,0.574032205894487
8893,0,0.483440097130327,0.769223166729197
8897,0,0.146088434003278,0.867553459739620
8908,0,0.329707943838451,0.814514811765637
8913,0,0.407763819662563,0.721312830756110
8917,0,0.326850071767322,0.660698940351863
8933,0,0.206558012238168,0.773160086551864
8952,0,0.330086175525445,0.767257068775516
8953,0,0.244657492931749,0.750453278811529
8968,0,0.487389161444146,0.717159105607814
8972,0,0.291001959461871,0.707019656985267
8977,0,0.459228896159480,0.664096900518082
8988,0,0.550547970316638,0.839003617618905
8997,0,0.246921895572511,0.730482989128643
9013,0,0.300911082350722,0.807726238083387
9017,0,0.256234703054238,0.773785195347824
9032,0,0.334135520284593,0.838108739313243,0.985505589397060
9033,0,0.116224854669733,0.659557259659569
9037,0,0.318393847020180,0.764166729434481
9048,0,0.292886880490400,0.756892967599624
9052,0,0.288692404693018,0.563868520788508
9053,0,0.524979894523670,0.771857953887849
9057,0,0.250601864914882,0.661049405785089
9068,0,0.444132150136328,0.844413979090928,0.969317669868669
9073,0,0.0990777349803331,0.750918302592014
9077,0,0.122849016543062,0.706766682295134
9093,0,0.399361675120925,0.817972731103584
9097,0,0.309236367513476,0.650050705816643
9112,0,0.504979374091995,0.792385222335850,0.902843554037347
9113,0,0.413834187228315,0.628474346684424
9128,0,0.262924391491978,0.830204054721772
9132,0,0.291722387438372,0.782089352198505
9133,0,0.286413195187052,0.870414318927248
9137,0,0.442455746545823,0.714955808669414,0.937708428063130
9148,0,0.365649472364408,0.737494005704591
9157,0,0.379441109996350,0.804975191276427
9173,0,0.371577367050874,0.601165196050256
9177,0,0.234401324541788,0.725275031740277
9192,0,0.302621448563675,0.561062286253644
9193,0,0.376044757964973,0.663234215644802
9197,0,0.430040785846628,0.774887289631453
9208,0,0.344551245873059,0.713048501928874
9213,0,0.482501239669510,0.744255440402694
9217,0,0.396236964203670,0.523317228141177
9228,0,0.374618188983355,0.623430048085858
9233,0,0.265270967854223,0.715710205462508
9237,0,0.364098384726119,0.735225043012614
9253,0,0.233873229131633,0.759728453347820
9257,0,0.433156863084924,0.561499644181870
9272,0,0.351470001814128,0.541087442972625
9273,0,0.215048777764227,0.639451024425869
9277,0,0.102076230439504
9292,0,0.475661933681120,0.681172544233416,0.926217465945093
9293,0,0.267928324200773,0.730073667815960
9308,0,0.250015104947435,0.660682868623857
9313,0,0.335936805923089,0.621373155611679
9337,0,0.373607193440106,0.715825893560984,0.970695107467114
9352,0,0.505814529269461,0.724279203845351
9353,0,0.160629982886783,0.861544457815642
9357,0,0.350560791871571,0.781541479072924
9368,0,0.539465809155595,0.666717414136672
9372,0,0.493410881525913,0.714826826800540
9373,0,0.447944579788004,0.900611333001770
9377,0,0.332875757106642,0.644326819745165,0.964118642643236
9388,0,0.623371912451693,0.707722214249468
9393,0,0.301081559868862,0.779566133993208,0.953930442831286
9397,0,0.473800987013924,0.876717190335914
9413,0,0.341552976032556,0.420744333633480
9417,0,0.456352340132754,0.730932891846369
9433,0,0.235962443357148,0.784050193237342
9437,0,0.236294708998058,0.632741645644555
9448,0,0.368278137089874,0.682783414343971
9452,0,0.324952357719865,0.809815792494614
9453,0,0.222596137516078,0.954301270857033
9473,0,0.419428546404285,0.732665431469221,0.920712322563197
9493,0,0.379708407509384,0.712541219310783
9497,0,0.428181945267599,0.649526689699659
9512,0,0.306209680818102,0.550333338930743
9517,0,0.297282639734860,0.702090558884160
9528,0,0.201133957257022,0.920963902591589,0.975243080130495
9532,0,0.177127530372587,0.614703757950365
9533,0,0.286494472706397,0.613742761703063
9548,0,0.375159334929051,0.548504043819409
9553,0,0.265871900101158,0.699208490575992
9557,0,0.264450366653542,0.801944067911471
9573,0,0.539954742179279,0.797924882120423
9577,0,0.318121887557762,0.714764258360405,0.908948548164558
9592,0,0.305027627700002,0.788801124957903
9593,0,0.279912368531020,0.829173497323042,0.923503639912345
9597,0,0.0697212356295007,0.868289850183276
9608,0,0.322587134746344,0.696355936977926
9613,0,0.252720532918739,0.861456219383806
9617,0,0.254593672238439,0.608622004991961
9628,0,0.125762655115846,0.820940514319980
9637,0,0.183225796567209,0.843720863258361
9672,0,0.271328868245614,0.821900845714966
9673,0,0.368193470711590,0.644303900634328,0.961500576294120
9677,0,0.110781725109215,0.773787320177696
9688,0,0.458373075857203,0.732409922563597,0.940710008547708
9692,0,0.379278221066890,0.817831986607790,0.992975339472043
9697,0,0.170179131510197,0.789123125577838
9708,0,0.183491710012011,0.565978410396917
9713,0,0.404796292161836,0.665777573913403
9717,0,0.319757229872713,0.870191167415200
9733,0,0.366267559864909,0.781577368319768
9737,0,0.202635586185999,0.627375841482340
9752,0,0.486070755920322,0.801090719480483,0.857468965868014
9753,0,0.290900433752505,0.594097744695353
9757,0,0.241915462391151,0.819421806857362
9768,0,0.236687789293764,0.845356833293929
9772,0,0.440874647052007,0.788802435082823
9773,0,0.367380869603524,0.709552518993085
9777,0,0.334157060987012,0.790435698259543
9788,0,0.219683382309833,0.683955155022248
9793,0,0.243067766081250,0.613024378920988
9797,0,0.310785598234506,0.763756289049718
9813,0,0.531754844117727,0.831988815584602
9817,0,0.413525975888887,0.784147716637810
9832,0,0.274916971753380,0.789704687115978
9833,0,0.411554167873305,0.566899848451323,0.886415487240771
9848,0,0.315345216573336,0.767858914396051
9852,0,0.260835090713883,0.734714948166956
9853,0,0.295128668758609,0.841029000191095
9857,0,0.306749905498563,0.537581184524055
9868,0,0.319205795120638,0.950960858896245,0.983611268228909
9877,0,0.272059146620180,0.697691343379633
9893,0,0.457437891506858,0.551545257237903
9897,0,0.259712887819995,0.559671463651411
9912,0,0.437120247327929,0.758313168640302
9913,0,0.350813770906058,0.782148772678301
9917,0,0.311023862720659,0.699407025263588
9928,0,0.318578050046783,0.744269882920736
9932,0,0.197670102768497,0.803946502805132,0.987975096681712
9933,0,0.157682475022231,0.881302468580474
9937,0,0.518007663182952,0.739877596608986
9948,0,0.393974589354933,0.803092418426975
9953,0,0.484446683668752,0.600900107018267
9957,0,0.408894393574256,0.796506631353016
9973,0,0.256789328077257,0.898724294733725
9977,0,0.417173162223768,0.605753040637392
9992,0,0.255309896137091,0.856609912281579
9993,0,0.350423773209173,0.836640972968786,0.983575087448587
9997,0,0.555306321342926,0.743440236818393
10012,0,0.251997997402831,0.884802241237577
10013,0,0.198571450506438,0.647379886218454
10028,0,0.476723592196859,0.647409379416539,0.964612835855777
10033,0,0.336764115952675,0.727350687789822
10037,0,0.0896249360280267,0.977228080683236
10057,0,0.436226095880817,0.821081850896625,0.928966955398448
10072,0,0.152046815808437,0.615305435233676
10073,0,0.262819365464489,0.780514063170947,0.974932629464885
10077,0,0.410763167889560,0.887397626761767
10088,0,0.205896469225413,0.800639121049223
10093,0,0.396060839285080,0.779270441671320
10097,0,0.176341056646987,0.758528661438301,0.900332288767139
10113,0,0.446884878173413,0.564638112405812
10117,0,0.341999529468719,0.786078582998324
10133,0,0.222568467033734,0.921015382516154
10137,0,0.189211789896875,0.735037473766798,0.967537503480799
10153,0,0.248946056593994,0.704655057645605
10157,0,0.562547443419766,0.741688160503348,0.949735884315942
10168,0,0.249854411129645,0.882925018671467
10172,0,0.386345304293048,0.661329729190452
10173,0,0.326214937995940,0.870324638154477
10177,0,0.260969817045054,0.690464461962069,0.932329907516701
10193,0,0.275158054065606,0.610727759865662
10213,0,0.316048273152332,0.783509593739088
10217,0,0.263914163178478,0.576576073039998
10232,0,0.311786437981410,0.703115461331559,0.880499765660585
10237,0,0.338005091646456,0.629002826918857
10248,0,0.397753358738720,0.755908567109216,0.962633198968184
10252,0,0.350495396318717,0.843468209585430
10253,0,0.218080713068862,0.723269506720162
10257,0,0.373358332638811,0.793546284693133
10268,0,0.229427426741503,0.739498501472143
10273,0,0.0616065612441933,0.604074149884657
10277,0,0.441688660020921,0.864617354119131
10293,0,0.458692299705524,0.541441664872111
10297,0,0.192599315313039,0.578173077577365
10312,0,0.349590365753648,0.693419217006258
10313,0,0.343918482627115,0.569352775408379,0.989079350288612
10317,0,0.386325891498288,0.651747074841375
10328,0,0.274432417628574,0.662267100775595
10333,0,0.485816195373190,0.837664659883503
10337,0,0.360380380150573,0.780278240430717,0.979294738477690
10348,0,0.227371035343567,0.590206600879447
10353,0,0.538405116343220,0.587779540554201
10357,0,0.297023789353084,0.655561729310581
10373,0,0.234490907158820,0.709884590781382
10392,0,0.248824378677698,0.703361970920195
10393,0,0.224311577641607,0.734907395482413
10397,0,0.216149221087081,0.695382656478497
10408,0,0.243316418745218,0.664298897913560
10412,0,0.324279867283609,0.522667249089119
10417,0,0.283933781729338,0.774398307311524
10428,0,0.354400211522457,0.725069336975767
10433,0,0.269801920306504,0.756490451694809
10453,0,0.490338957530510,0.687822820865675
10457,0,0.216293625194396,0.743120590685093
10472,0,0.461424396804592,0.733728256121723,0.945607536786239
10473,0,0.477026460046329,0.796526562474928
10477,0,0.224902349600527,0.695644639556048
10488,0,0.245743074492249,0.768160269689668
10492,0,0.279044999722363,0.849039945556175
10493,0,0.311019546569949,0.811652945974796
10497,0,0.304910316782271,0.837425459018466
10508,0,0.357390953506799,0.840070901704343
10513,0,0.199144323192893,0.599204110095102
10517,0,0.430523578652350,0.667293018395913
10533,0,0.394130997097708,0.733198626843092
10537,0,0.382756605349621,0.543791969064365
10552,0,0.311877764881183,0.768563760405990
10553,0,0.351100108728789,0.597650968008465
10568,0,0.384535626611841,0.562762989249277
10572,0,0.398534961589738,0.808744007244446,0.993002600315569
10573,0,0.350959418199267,0.728478719435876
10577,0,0.291761813845530,0.597251796776473,0.978134040630200
10588,0,0.471762465934648,0.673578401177268
10597,0,0.363558006048251,0.745773066472123
10613,0,0.373382194231455,0.950860789031211
10617,0,0.280077949762899,0.523136431244106
10632,0,0.406401746016377,0.740302889295448
10637,0,0.344942973029479,0.820477608855564
10652,0,0.460354650365802,0.630357056198513
10653,0,0.383124157334675,0.735504322677545
10657,0,0.297272369366795,0.774077065265888
10668,0,0.600151736005792,0.850032986113565
10673,0,0.147826973272976,0.704429224299668,0.988139353369806
10677,0,0.136607389786405,0.977751038637426
10697,0,0.357074092895029,0.630018790189821
10712,0,0.220734425662447,0.829452957507685
10713,0,0.176488103481617,0.665704575405379
10717,0,0.527996258080971,0.729715636360759
10732,0,0.471605598495004,0.647659830344181
10733,0,0.242461158605717,0.766657210127100
10748,0,0.274906226433640,0.731600158465280
10753,0,0.277097182796283,0.624797409440075
10757,0,0.394717648446085,0.614135762677321
10777,0,0.331968540111072,0.544625600314381
10792,0,0.371910843505177,0.732285673553617
10793,0,0.315146601958989,0.596300893713447
10797,0,0.424863580286279,0.822454749665913
10808,0,0.442073835082478,0.744563142601647
10812,0,0.340323730649560,0.626158308930758
10813,0,0.295908808505396,0.575609506690779
10817,0,0.297721798217161,0.764727586183919
10828,0,0.303773444525753,0.761045441998770
10833,0,0.274830088576931,0.793581582124472
10837,0,0.343163404363715,0.808648349912537
10853,0,0.295442001709331,0.811343277608306
10857,0,0.285958348095064,0.797866270899805
10873,0,0.333482316034561,0.794291713374077
10877,0,0.469170994003708,0.739221204768218
10888,0,0.494215891747962,0.753904278536872
10892,0,0.468590476467137,0.695966347751461,0.942746285981965
10893,0,0.424645785721038,0.836366550500917
10897,0,0.0932023247680546,0.588098052784982,0.956622282282207
10913,0,0.488626306662723,0.622225074676705
10937,0,0.325032806160821,0.676647191682096,0.820248285887739
10957,0,0.407300661763079,0.725703591352236
10968,0,0.230370199410604,0.814175651467243
10972,0,0.427180185273963,0.743123337216906,0.984181792275692
10973,0,0.0965240557911386,0.736877609929659
10977,0,0.238828012190007,0.759679092170402
10988,0,0.228508780813778,0.707278607064438
10993,0,0.310214532915106,0.827831160348882,0.993104325671092
10997,0,0.240466316911769,0.655490130711788
11013,0,0.323143419623464,0.705302303740005
11017,0,0.492499921896893,0.696566859643889,0.959643683690135
11032,0,0.273057096961448,0.700816455688820
11033,0,0.303004153767725,0.705907628008704,0.921922672539748
11037,0,0.398169656790233,0.869081066727960
11048,0,0.335222909893767,0.842851922237034
11053,0,0.447531860200060,0.543135817291706
11057,0,0.121220263044598,0.711216969816320
11068,0,0.341309571031701,0.764294477199809
11073,0,0.326110393010864,0.493181156615287
11077,0,0.247537544568754,0.585719200080456
11093,0,0.285512574931417,0.807166585900207
11112,0,0.216530879254723,0.734629770898619
11113,0,0.215540657737610,0.816306544477295
11117,0,0.308121165084527,0.625992501906264
11128,0,0.278942955885964,0.662533073290923
11137,0,0.290814463877388,0.781970532539708,0.923383011871652
11148,0,0.397452875431724,0.775698100118286
11153,0,0.440445979229184,0.537535904023291
11157,0,0.153700095566031,0.786883450727416
11173,0,0.391490725809471,0.837653662747085
11177,0,0.534119820176375,0.637820591182942,0.945527134459117
11192,0,0.296091471184149,0.734004341191901,0.982413844413981
11193,0,0.124022863503469,0.656826030660174
11197,0,0.405109615393034,0.724440039224854
11208,0,0.512339670484933,0.784690653413418,0.978722837095268
11212,0,0.438727507803750,0.758764199347690
11213,0,0.353896862151188,0.660885204068332
11217,0,0.376851596351088,0.657943693437116,0.979751668724037
11228,0,0.208678353747033,0.604648020989342
11233,0,0.137523018212439,0.659997496214164
11237,0,0.354014540232253,0.740818811368282
11257,0,0.315419396297379,0.673652576801943
11272,0,0.356815340432075,0.684844040815130
11273,0,0.317470440912758,0.830274319015842,0.944639352476175
11288,0,0.192179355782081,0.517457844893463
11292,0,0.363773313638356,0.816593068860563
11293,0,0.242369992096613,0.747842845036894
11297,0,0.384231404545537,0.621809094147787
11308,0,0.400124172207993,0.589797698272589
11317,0,0.400805248882977,0.569729791268367
11333,0,0.426060547180354,0.715151598283646
11337,0,0.325755239884265,0.649130041574752,0.994673689398783
11352,0,0.192670735610847,0.856912574600280
11353,0,0.271280565962461,0.666670808706134
11357,0,0.365547531596017,0.749766673311620
11372,0,0.393933211791453,0.586930433972008
11373,0,0.545597111761174,0.658441897079430
11377,0,0.419456890559158,0.751316563000960,0.961115200140586
11388,0,0.414833255409297,0.733046110143427
11393,0,0.177087337879090,0.709916883637566,0.956025114177139
11397,0,0.472437511191096,0.735685464033555
11413,0,0.201622535245996,0.615277533632653
11432,0,0.438963641730524,0.673813845603217
11433,0,0.301365198467710,0.783571300084939
11437,0,0.305928966618531,0.565646133137635
11452,0,0.111865954828739,0.887958164480409
11453,0,0.156347676982607,0.728712577147274
11468,0,0.361126686741222,0.756990222334264
11473,0,0.474998595284028,0.815565966911960,0.992210163916928
11477,0,0.424442046883617,0.735642817478967
11497,0,0.367331118540796,0.625937366338818
11512,0,0.402057959029753,0.846597790072413,0.944101050244631
11513,0,0.220011420070776,0.579041365412996
11517,0,0.397059590228670,0.715753985775611
11528,0,0.404602147245284,0.615340691238996
11533,0,0.294201240839643,0.921034284641325
11537,0,0.395036833952929,0.852112034726093,0.927488025317362
11548,0,0.349148013175413,0.616358726608457
11553,0,0.384813648501170,0.763929271727253,0.988996390648376
11557,0,0.273272695417456,0.702689710944486
11573,0,0.323050001969993,0.792674858069164
11577,0,0.429492559573100,0.759672112937869
11593,0,0.156523554925518,0.708300972772878,0.981907170998462
11597,0,0.378369384419035,0.768241601931144
11608,0,0.238402322665859,0.737909348455519
11612,0,0.102234472045690,0.584050966965437
11617,0,0.219122216952106,0.784165941383626
11633,0,0.264820385981100,0.597499587532198
11653,0,0.424395203867465,0.780057660950118
11657,0,0.233069798187819,0.529620773483819,0.970670984116183
11672,0,0.116462130210222,0.858663609667102
11677,0,0.321860145437277,0.673034175382874
11688,0,0.179315474903816,0.675469919613719
11692,0,0.269412309342072,0.683328855283506
11693,0,0.286388083093697,0.691139938411207
11697,0,0.362146897283563,0.650952190163921
11708,0,0.422101219342433,0.849631974438390,0.986268236101033
11713,0,0.486853498262511,0.725199389328047
11717,0,0.220186482739566,0.699020626379810
11733,0,0.311264741718086,0.860983607394078
11752,0,0.334253631435394,0.670338250733405
11753,0,0.338906860738577,0.699942986566158,0.900880411711572
11757,0,0.173201854647290,0.869771699199686
11768,0,0.231087471960405,0.788955582826118
11773,0,0.283011795763648,0.862654838692649
11777,0,0.271839584547621,0.628670714138341,0.931316238098028
11788,0,0.218408024677786,0.610146109896206
11793,0,0.303448695610020,0.863176846442500
11797,0,0.413953759843846,0.950664649625389
11813,0,0.402598136008867,0.728254123822616,0.910652697995711
11832,0,0.307617593831839,0.685239670676719
11833,0,0.141516696794349,0.655676750245084,0.951907738398426
11837,0,0.487132816456966,0.717478165761287
11848,0,0.342686950673875,0.911931920380796
11852,0,0.361123427210581,0.620779399297431
11857,0,0.214665286879142,0.731525415828983,0.920909075576838
11868,0,0.376168365705853,0.589220985433501
11873,0,0.459556245079825,0.677100055051079,0.966308911238732
11877,0,0.262217967003451,0.726941369099108
11893,0,0.353265100031702,0.631590281244973
11897,0,0.129396976182608,0.536771753755205
11912,0,0.236208697417394,0.575805265059407
11917,0,0.369154894271753,0.789826912523512
11928,0,0.282096928653152,0.851406678484667
11932,0,0.504259883178690,0.593525197946134
11933,0,0.359447893314403,0.740171476008638
11937,0,0.340639127312718,0.592715321278999
11948,0,0.371268762564351,0.688319443409693,0.922584024353568
11953,0,0.291165504011917,0.593937150092266
11957,0,0.396698075766507,0.608409575623432
11973,0,0.372849757300572,0.617777527891073
11977,0,0.509257285127246,0.740697046769958,0.997279894168969
11992,0,0.435772330516954,0.602899292468373
11993,0,0.345716241445503,0.797723677691947
12008,0,0.182896712260750,0.688846753528938,0.976998464914991
12012,0,0.352873973519263,0.736899392382702
12013,0,0.276331278391625,0.872146402280525
12017,0,0.329131321843682,0.692771416158251
12028,0,0.606251305743039,0.731637868836799,0.968473908837079
12037,0,0.325971323563915,0.760972379134775
12053,0,0.267723207849779,0.807764779456614
12057,0,0.420987778587262,0.754037996724997
12072,0,0.504115073011306,0.859916425226559
12073,0,0.208883803491483,0.601916628240355,0.968058168700652
12077,0,0.159510993572473,0.618895075128728
12088,0,0.294137739515356,0.776791695150081
12092,0,0.273118297574244,0.772822198896424
12093,0,0.242378966865383,0.879370865893249
12097,0,0.348297536826427,0.574925103195935
12108,0,0.508365128052687,0.792032606031857,0.963173756868039
12113,0,0.295590618486704,0.585909400933466,0.830223437320988
12117,0,0.349990739864819,0.602138905102209
12133,0,0.322196323374221,0.706546362778859
12137,0,0.376346715019744,0.688674317423519,0.945658758265112
12153,0,0.274857010768476,0.614799610555784
12157,0,0.427006014532553,0.739499858154730
12172,0,0.172244296673778,0.648633248172504
12173,0,0.298184483895983,0.687861741841569
12188,0,0.272877517099435,0.785530361754975
12193,0,0.384700187033747,0.558753964949465,0.952604998621696
12197,0,0.170632219709504,0.656136451974524
12217,0,0.452327877080102,0.608617785440718,0.876753917916720
12232,0,0.150057590858998,0.627842647296898
12233,0,0.484758058588949,0.683023090091193,0.910781309337731
12237,0,0.318463064850587,0.816463786762902
12248,0,0.317181308327404,0.769568436423852
12252,0,0.311353131942179,0.832240680603657
12253,0,0.471562762232331,0.709179094408723
12257,0,0.147939556267775,0.808498150955192
12268,0,0.419771287641287,0.629549755355412
12273,0,0.248236256283847,0.554470605745356
12277,0,0.202258937866876,0.821659579222173
12293,0,0.433801594004665,0.789534027148803
12297,0,0.337737306666139,0.544969030440134
12313,0,0.497082846090930,0.711015036129933,0.936099494790913
12317,0,0.245458682168007,0.814366796104971
12328,0,0.323525351312748,0.708585529794241
12332,0,0.391820896996555,0.744191615002117,0.971127204736600
12333,0,0.348968413515554,0.789804556689432,0.995724473520258
12353,0,0.216604550955002,0.626085854635929,0.834979299198981
12373,0,0.215173532962318,0.826142576450602
12377,0,0.107910396516381,0.641980425714741,0.934515014621049
12392,0,0.275957478400204,0.669845582317808
12408,0,0.317208930721270,0.916635918129190
12412,0,0.322702681622403,0.849395602529291
12413,0,0.359890086731248,0.734129641338631
12417,0,0.330159249166914,0.604421730227611
12428,0,0.316818906671581,0.673092382767351
12433,0,0.299923267109151,0.794974675827410
12437,0,0.251643341904493,0.731233322418451
12453,0,0.343824236323624,0.861431813971909
12457,0,0.205109023906855,0.771680610750169,0.960874212176725
12472,0,0.374630230357099,0.593298829729096
12473,0,0.310674231880337,0.653431905374701
12477,0,0.347511764025232,0.739074879119935
12488,0,0.441254212566592,0.772261923076067
12497,0,0.188295534893849,0.625887411936059
12508,0,0.399526443126297,0.744048457194015
12513,0,0.409126555446353,0.729443561276863
12517,0,0.369819924359695,0.818928742733378
12533,0,0.401355139993145,0.722670902865730,0.940543436269468
12552,0,0.311574599976447,0.706602313779665
12553,0,0.405796181143746,0.518784167698272
12557,0,0.218037001801191,0.630117275504100
12568,0,0.397709971481823,0.623086502000173
12572,0,0.292233211207273,0.679042044468428
12577,0,0.385914904457046,0.737401842117010,0.938717892580642
12588,0,0.171078251089541,0.817938926630047
12597,0,0.383164548373321,0.646767375686310
12613,0,0.343872709230227,0.678212819477276
12617,0,0.0890934455562288,0.686562442149538
12632,0,0.286549922387200,0.722181348300161
12633,0,0.415809611473390,0.639252324156205
12637,0,0.385923951764243,0.634362814523253
12648,0,0.427449929193224,0.682034556656247
12652,0,0.248037654403831,0.690407752955178
12653,0,0.266727631179786,0.728291162573553
12657,0,0.444447233771578,0.629411801263258,0.979380742640031
12668,0,0.0688984376076134,0.513335148790187
12673,0,0.193087467886010,0.836332410578647,0.982863600537867
12677,0,0.353103009815527,0.791501583277302
12693,0,0.228858652791879,0.759062244389487
12697,0,0.153016045149676,0.659935394664315
12712,0,0.368752321554946,0.836669276886838
12713,0,0.267004460105100,0.629109371516433,0.907189606899027
12728,0,0.373555002735794,0.734760639204147
12732,0,0.447663883272511,0.674523083872814
12733,0,0.298740066978780,0.748951541664851
12737,0,0.237400917417599,0.648832926801864
12748,0,0.108377868806692,0.692332264081601
12757,0,0.259116466192707,0.571804073015251
12773,0,0.0545678941339146,0.696002252772081
12777,0,0.381108985601235,0.686142648966147
12792,0,0.402918069567034,0.730535911783071
12793,0,0.224491309479242,0.743313909098364
12797,0,0.342237734428742,0.677701616895607
12808,0,0.365572995381423,0.549402063451414
12812,0,0.296110294502471,0.736026686291843
12813,0,0.382449062768719,0.812541699194398
12817,0,0.224404013238796,0.620011948751031
12828,0,0.326935846310625,0.737536740562492
12833,0,0.313138471179861,0.633385407793192,0.913471270505901
12837,0,0.334076514651997,0.695010052581481
12853,0,0.316925939392964,0.836167300632623
12857,0,0.299776488340166,0.627300304367437,0.979323240010603
12872,0,0.353046497084350,0.727877664072686,0.961806600317414
12873,0,0.314487842018769,0.611307039723152
12877,0,0.330131962936029,0.780711640505251
12892,0,0.239148476617500,0.678005564865768
12893,0,0.241675183199571,0.751648679183025
12908,0,0.397767777503639,0.766741232190133
12913,0,0.228841914360762,0.642829163733976
12917,0,0.452845806932006,0.903631938050023
12937,0,0.155929068475959,0.852545215579753
12952,0,0.116714386881656,0.757282191800708
12953,0,0.381075922296279,0.568627851357480,0.908483798257027
12957,0,0.148280481567727,0.804876120851968
12968,0,0.328792021304240,0.580126232481244
12972,0,0.484749489330603,0.611032158706931
12973,0,0.347878627649432,0.593657176117131
12977,0,0.338466062200230,0.489026092139023
12988,0,0.360009614803349,0.559957677627191
12993,0,0.121202048501368,0.728124284405681
12997,0,0.292862866110018,0.644719696331818
13017,0,0.260001361322782,0.767114299819708
13033,0,0.447654303185312,0.676604628098756,0.970356945010833
13037,0,0.332325972996433,0.578122254649543
13048,0,0.345329009904177,0.721025979154484,0.870670784690699
13052,0,0.416398620324453,0.677269207026473,0.955419632863309
13053,0,0.245036444365096,0.610750888142930
13057,0,0.464689235691831,0.670949541268959
13073,0,0.501787949541898,0.538122388039303
13093,0,0.260682786718649,0.740812110331470
13097,0,0.531454066980886,0.723200834565836,0.864885483980293
13112,0,0.329710202483780,0.689072405544603
13117,0,0.457254276815529,0.580365827708232
13128,0,0.386502367708385,0.742325757367167
13133,0,0.266301852204430,0.716384977318817
13137,0,0.117058009461015,0.668611036336449
13148,0,0.295997377626863,0.755384351123240
13153,0,0.338284299790012,0.693730904916643,0.870914178794407
13157,0,0.470177002766751,0.603534018416057
13173,0,0.417776923528716,0.815359873873119,0.975559734974762
13177,0,0.145901156834951,0.530315248259753
13192,0,0.330874721569084,0.711933611420982
13193,0,0.516199643715827,0.752947014077842,0.913880243288058
13197,0,0.285666776975020,0.813528220781487
13208,0,0.249277582649687,0.593377854499271
13213,0,0.251338602535739,0.721764168039060
13217,0,0.176276277798244,0.703702775824273,0.895016813851081
13228,0,0.327225641457019,0.650282314035028
13233,0,0.255316890146441,0.699935092567303
13237,0,0.366242464662910,0.766483777095379
13253,0,0.357840588629906,0.828904207449770
13272,0,0.326407954221347,0.513021866659875
13273,0,0.229927263327894,0.742174131120932
13277,0,0.260274385031199,0.534673067810838
13288,0,0.286709615209955,0.780814581123505
13292,0,0.480846801750237,0.869467223044676,0.944963485126151
13297,0,0.430536402743019,0.724752295103143
13308,0,0.417955815618502,0.696395825242275
13313,0,0.215733887532499,0.569124314662798
13317,0,0.256594464672400,0.746942931852411
13333,0,0.143530886186621,0.724164297601907
13337,0,0.388248843543505,0.603400480478895,0.879162004729633
13352,0,0.321786600764421,0.568779109239057
13353,0,0.316066936289203,0.776444313310005,0.975519870559194
13368,0,0.289204166050079,0.887941410415634
13372,0,0.380488515934492,0.505257271213911
13373,0,0.239517867249774,0.762184085667730,0.957973657253044
13388,0,0.433310066401376,0.745564757457942,0.972649139350420
13393,0,0.393905184860819,0.656649465181075,0.886568522592907
13397,0,0.322467480999804,0.699049760996426
13413,0,0.319242177951669,0.738540048431074
13417,0,0.265532602617830,0.580154428177558,0.899305852564722
13432,0,0.348650768789194,0.638479514272300
13433,0,0.209087349407483,0.593429965305383,0.892713480347752
13452,0,0.489734524558763,0.643818389596288,0.955257155481115
13453,0,0.384591739737155,0.821508404451100
13457,0,0.498486970494859,0.679214917129199,0.968434966249409
13468,0,0.489231927468751,0.757361725158337,0.975528949997291
13477,0,0.435948095723152,0.826156797748055,0.932243505291549
13493,0,0.202580626641937,0.578725534510265
13497,0,0.502827440593670,0.598365709953274
13512,0,0.535399219508116,0.748761080014049
13513,0,0.154022015017212,0.747265010111484
13517,0,0.441086356754949,0.519846343420480
13528,0,0.421060254845111,0.726306684666625
13532,0,0.359915133818390,0.670939240147026,0.945526005449866
13533,0,0.600520550745328,0.776624694827927
13537,0,0.208651269514466,0.543081719124404
13548,0,0.126957615471178,0.769228356018720
13553,0,0.368091034873196,0.696538839866210
13557,0,0.106902056604874,0.880085269978307
13577,0,0.333660971967528,0.753213719683607
13592,0,0.385262586633638,0.675259296987406
13593,0,0.369863924453166,0.542557970376140
13597,0,0.0767309712413363,0.722462383675217
13612,0,0.424777218352614,0.665983367592961
13613,0,0.482674987493270,0.653133489984960
13628,0,0.211257176826262,0.639217504852785
13633,0,0.293110554812377,0.638743458086123
13637,0,0.130675864140282,0.734709207286033
13657,0,0.247053441135300,0.722359939425770,0.870922250151473
13672,0,0.100526938843540,0.911988650778079,0.959435799922475
13677,0,0.486656229932980,0.678735880400700
13688,0,0.279953197787354,0.702962496104454,0.907946719311801
13692,0,0.344987946538639,0.583650368292815
13693,0,0.273162837213279,0.816018038338386
13697,0,0.268416876523379,0.749979389615949,0.967334722745564
13708,0,0.207186745633915,0.806586686867705
13713,0,0.332570139038466,0.638581187228757,0.930919624974631
13717,0,0.496324794520487,0.789457153412412,0.945193385159000
13733,0,0.186664231526372,0.803777612398402
13737,0,0.219155062261071,0.735528559696652,0.989755210318449
13753,0,0.423379447302872,0.693882176617802,0.996566147667282
13757,0,0.524742735146775,0.705593212844922,0.883360622601052
13768,0,0.320619911367356,0.604243660824899
13772,0,0.175645045461719,0.740077728355718
13773,0,0.466302262402462,0.835814572195602
13777,0,0.165874824425444,0.816573851371088,0.877211526520319
13793,0,0.319798695024474,0.515622927924300,0.875166254462414
13813,0,0.134442646285450,0.853933577886083
13817,0,0.496176935220523,0.729118982665903,0.938215498272193
13832,0,0.195953713533797,0.652750498326531
13837,0,0.411589738511481,0.817851404083988,0.991033537399227
13848,0,0.417698522248785,0.668397420888751
13852,0,0.223669827236705,0.787998706721521
13853,0,0.448236289952687,0.657455765120425
13857,0,0.342916180553179,0.792020320276970,0.968411508884189
13868,0,0.342265673458859,0.655926182809048
13873,0,0.272738794258402,0.492404016751226
13877,0,0.511922938211696,0.668837340726137,0.843534864910165
13893,0,0.250584892387371,0.762206702211417
13897,0,0.109641628986556,0.682337342689573
13912,0,0.513085205310587,0.660275215965736,0.938723594980008
13913,0,0.327050470410477,0.708444224455146
13917,0,0.397268566918834,0.785635026567246
13928,0,0.256946159798940,0.692243720158574,0.979889162853189
13933,0,0.309041526715518,0.622406892768281
13937,0,0.149945207185149,0.597759418885821,0.967630137517393
13948,0,0.450366484012310,0.618590544877173
13953,0,0.575111287673498,0.679032681141968,0.992054253328812
13957,0,0.445285671610068,0.705747362034755
13973,0,0.471286924959988,0.614275890536019
13992,0,0.366426426130027,0.684752574515480
13993,0,0.174086577636930,0.919306772226984
13997,0,0.133457603686351,0.778556526277220
14008,0,0.430255371007026,0.647915272868595
14012,0,0.303193392894438,0.860004548438708
14017,0,0.300480723752411,0.533266743154564
14028,0,0.510396103344039,0.692031241335660
14033,0,0.0249346676864396,0.853495522164064,0.924581756169602
14037,0,0.252778324740592,0.753735417451523
14053,0,0.302628261885506,0.691192099888592
14057,0,0.188938348629066,0.570993753631149
14072,0,0.450983705280283,0.778083567754620,0.956317974914936
14073,0,0.399737292051397,0.628023941691343
14077,0,0.212195762303119,0.875678576570118
14088,0,0.180704372545495,0.761745538797565
14092,0,0.197418613067134,0.779419531188767
14093,0,0.315354967113756,0.606615953440494
14097,0,0.366363266507259,0.650971851731388,0.999700517292528
14108,0,0.229900046323011,0.647896588822380
14113,0,0.416272539971387,0.706024254569166,0.919419728990170
14117,0,0.326982546959597,0.657921159454587
14133,0,0.476109088801667,0.792561661763249
14137,0,0.264249428859221,0.708716411950149
14152,0,0.411323869803616,0.673241612383442
14153,0,0.296747973704305,0.522164626925051,0.954012282091512
14168,0,0.247181978534079,0.627285757936122
14172,0,0.397692271743643,0.781955871061188
14173,0,0.305842518706979,0.699387613782982
14177,0,0.194345683935150,0.737899189541756,0.998328631286103
14188,0,0.334651329200366,0.753914020910714
14197,0,0.396010466177881,0.545270781360962
14213,0,0.448756775839804,0.725517710643964
14217,0,0.494925537157783,0.636082801464611
14232,0,0.237372413317976,0.745703550745758
14233,0,0.182497318520303,0.740718922896305,0.992823948568954
14237,0,0.510313299944397,0.674786864764647
14248,0,0.346341418296551,0.799691771782603
14252,0,0.127025673184787,0.734461010822427,0.946819974215035
14253,0,0.208351536037346,0.672450368804320
14257,0,0.411274472347018,0.585944429268363
14268,0,0.369718896107837,0.786900819582957,0.984240929614089
14273,0,0.174387767336902,0.553344793811179
14277,0,0.214584203249316,0.688583807526768
14293,0,0.547162756390719,0.806757924406465,0.991324711628695
14312,0,0.346386261181606,0.721748387784203
14313,0,0.139940690783795,0.714546853142893
14317,0,0.122134970214652,0.729658924107479
14332,0,0.304527946698040,0.635998404252255
14333,0,0.425154429310695,0.727653221903990
14348,0,0.249083528128459,0.686244054556413,0.994293474705896
14353,0,0.178076678568763,0.657868470273315,0.981262889519926
14377,0,0.0982748813507526,0.580041881915781
14392,0,0.455558077356105,0.642217547102211
14393,0,0.111125649001257,0.701471504824439
14397,0,0.429523535695133,0.815819705261924
14408,0,0.194736727956902,0.813528214060466
14412,0,0.343034683944049,0.689736548345172,0.977924034723331
14413,0,0.442928446297828,0.648247151992662
14417,0,0.0373177625959582,0.612354830926012
14428,0,0.539487275607143,0.723006565542489,0.916730645324552
14433,0,0.288146809621813,0.635118037488700,0.930968190590664
14437,0,0.365466329663985,0.771718600592415
14453,0,0.247154001994618,0.394074506408225
14457,0,0.223899294176901,0.835236932826983
14473,0,0.210140647565834,0.627621040041070,0.943779118799966
14477,0,0.420925282872863,0.625614146783613
14488,0,0.436338226023226,0.717379212687357
14492,0,0.262925902239263,0.693444224838883
14493,0,0.319683634024145,0.584045738256615
14497,0,0.362656503781447,0.661378800857104
14513,0,0.286603777926313,0.703129652059187
14533,0,0.274879453750239,0.704684015106401
14537,0,0.139506359913469,0.459730442454910
14552,0,0.174268457956640,0.728866764636160
14557,0,0.224013779679127,0.805596213080886
14568,0,0.356136405996656,0.804436249005536
14572,0,0.161298655360775,0.594043492718008
14573,0,0.243500903483529,0.792254068751216
14577,0,0.235931772428370,0.665098495177002,0.991236778116810
14588,0,0.336419305935366,0.574301056237705
14593,0,0.363067674315748,0.754832099064702,0.941124759721090
14597,0,0.218386662693454,0.872650905013408
14613,0,0.314237022332218,0.750367250258037
14617,0,0.355587009442210,0.702890172198992
14632,0,0.226105156324756,0.633835359998289
14633,0,0.454336198836582,0.547281101040828
14637,0,0.384907842015616,0.640791622373313
14648,0,0.0840417679422870,0.671680208957387
14653,0,0.428386423687399,0.781925309974029
14657,0,0.207263239769781,0.643450079176158,0.974731235247961
14668,0,0.175930376745379,0.762057727196047
14673,0,0.337830567813850,0.672757200767745
14677,0,0.442658326524919,0.731630477116530
14693,0,0.247363371213035,0.761204432735184
14712,0,0.455039990154485,0.698753023696711,0.980874242502670
14713,0,0.297785766160954,0.527901745926930,0.989169326726858
14717,0,0.456749596904114,0.618490620854514,0.964303123966568
14728,0,0.0822349949760849,0.501560402563158
14732,0,0.354505467158310,0.644941354383302
14737,0,0.273002321971019,0.741388827319729
14748,0,0.0734543753940318,0.809985897221411
14753,0,0.389606604248031,0.659745850621436,0.952174588788121
14757,0,0.235339510144451,0.860501449520776
14773,0,0.453729487043243,0.747374896900534,0.995869913756602
14777,0,0.303448721124380,0.667654372334243,0.943529246774628
14793,0,0.475256507897925,0.725521616394823,0.977366960555907
14797,0,0.186435542946587,0.584809611415270
14808,0,0.297155636971695,0.698065222193982
14813,0,0.211201796856401,0.683117095195627
14817,0,0.346669726097750,0.748465507677377,0.877876924171465
14828,0,0.340301008786170,0.710178630382172
14833,0,0.371367237357054,0.747320788499996,0.959219302237291
14837,0,0.308470613007069,0.696614343984508
14853,0,0.275421340329817,0.769075017234220
14857,0,0.130709917878676,0.645713684135602
14873,0,0.149948984552776,0.737758137622861,0.978990637740884
14888,0,0.370638676614750,0.701962038851610,0.991131886279747
14892,0,0.365423016722116,0.798012241127509
14893,0,0.387536596148496,0.755696155212965
14897,0,0.428911304442889,0.529458830641683
14908,0,0.133167036897067,0.633433027924086
14917,0,0.276127849603591,0.747923464819018
14933,0,0.173376676203827,0.512340768729084
14937,0,0.409462247076403,0.578103598658375,0.978206268327893
14952,0,0.479920092697500,0.692213154602766
14953,0,0.292810320913798,0.633103602225299,0.987908427360215
14957,0,0.383847941101785,0.810600950691218,0.929319278727835
14968,0,0.450690114559806,0.595546373156566
14972,0,0.0876022428259834,0.758842021541643
14973,0,0.382853039776352,0.694594940138121
14977,0,0.269040675667120,0.628926479486006,0.993140739092001
14988,0,0.432983919232959,0.674817124205566
14993,0,0.294407687682146,0.499569419683303,0.966656863749063
14997,0,0.199187826608731,0.877882196515370
15013,0,0.436096566889999,0.748266296454103
15017,0,0.290520840405769,0.700595058342442
15032,0,0.429278224546348,0.560930576067929,0.856249689470350
15033,0,0.419138460271470,0.720717302568790,0.964673335123277
15037,0,0.314383135667082,0.592367428162163
15052,0,0.489351379634475,0.706395280752454
15053,0,0.158901896378024,0.845387485959072
15068,0,0.173409642370699,0.734202993513909
15073,0,0.358310427929858,0.762913665992283
15077,0,0.0893690754839571,0.597774252352503
15097,0,0.299904024669110,0.887423645539439,0.921471382128063
15112,0,0.304316495288842,0.764297250031853
15113,0,0.235658120112317,0.509720962682253
15117,0,0.489064174876909,0.718814859686478
15128,0,0.429441025152523,0.752946858106980
15132,0,0.375500424075239,0.654783010199057,0.977650903077201
15133,0,0.408452252403038,0.683960759367089,0.982322536630129
15137,0,0.349393582009955,0.588370571841017,0.922570832202587
15148,0,0.178374986641407,0.728869057594110
15153,0,0.275882844124823,0.771790274536919,0.858417433221145
15157,0,0.403048339829120,0.578410607161163
15173,0,0.375383304023201,0.753536378701342
15177,0,0.237887012636090,0.819626399928099,0.966150966109076
15193,0,0.327687549793727,0.419992072819745,0.953325446022526
15197,0,0.391132403859379,0.609548495412066
15208,0,0.113302494787310,0.708919321340739
15212,0,0.263814710781651,0.694568094922618,0.944082480383540
15213,0,0.262125041561455,0.728176622401611
15217,0,0.432753664722260,0.736340355854157
15233,0,0.445902558531791,0.638117991783800,0.926405765941066
15253,0,0.284962601628715,0.562366779992851
15257,0,0.264040028429303,0.782659467430959,0.970373823420764
15272,0,0.226734159971508,0.675101106368454,0.998632750876848
15277,0,0.310110069925549,0.789753022121625
15292,0,0.315878236914516,0.637405534122761
15293,0,0.411068578445988,0.722304666835297
15297,0,0.174253224220801,0.682177383424458,0.924304064532084
15308,0,0.238647021402943,0.664896297750711
15313,0,0.251650985704731,0.669838787415756,0.965385536785569
15333,0,0.232680108158347,0.800926964755685
15352,0,0.491672302504988,0.633985468480214,0.969747477149123
15353,0,0.176165773731483,0.603183706425293
15357,0,0.375959112872451,0.764000663121924
15368,0,0.480617594168276,0.697645018251169,0.976125870199117
15373,0,0.204632222709502,0.593639946150349
15377,0,0.247918725320530,0.533971209709988
15388,0,0.265733864734986,0.748055160661555
15393,0,0.290213660544564,0.749530998333637,0.922830524947589
15397,0,0.264159277201141,0.740379789891841
15413,0,0.315333524498834,0.691081587258053
