5,0
8,0
17,0
28,0.287263800705636
29,0
41,0
53,0
65,0
76,0.497610937787574
77,0
88,0.0614962075700575
89,0
101,0
104,0
113,0
124,0.05802851315561
137,0
149,0
161,0
172,0.298490924895885
173,0
184,0.299180092975439
185,0
197,0
209,0
220,0.264738759791537
221,0
233,0
257,0
268,0.133342831821248
269,0
280,0.195686586498179
281,0
293,0
296,0
305,0
316,0.440506089541801
317,0
329,0
341,0
353,0
364,0.166724595086539
365,0
376,0.0615707403538727
377,0
389,0
401,0
412,0.0149771852301558
413,0
437,0
449,0
460,0.0699619123034438
461,0
472,0.306375593127184
473,0
485,0
488,0
497,0
508,0.0990719178043381
509,0
521,0
533,0
545,0
556,0.157255086091566
557,0
568,0.11664303986182
569,0
581,0
584,0
593,0
604,0.358760913598498
617,0
629,0
641,0
652,0.0399128614687261
653,0
664,0.255470662450286
665,0
677,0
680,0
689,0
701,0
713,0
737,0
748,0.134646007864675
749,0
760,0.174331971541352
761,0
773,0
776,0
785,0
796,0.0294091936709266
797,0
809,0
821,0
844,0.101067941895603
856,0.289381361129792
857,0
869,0
872,0
881,0
892,0.341726846655849
893,0
905,0
917,0
929,0
940,0.20099529256691
941,0
952,0.0651198106494784
953,0
965,0
977,0
988,0.149982232081075
989,0
1001,0
1013,0
1036,0.0990039345852726
1037,0
1048,0.126998582159472
1049,0
1061,0
1064,0
1073,0
1084,0.355579088608604
1085,0
1097,0
1109,0
1121,0
1132,0.15565864010507
1133,0
1144,0.0934317215139702
1145,0
1157,0
1160,0
1169,0
1180,0.00935701564439762
1181,0
1193,0
1205,0
1217,0
1228,0.196661747822585
1229,0
1240,0.188938792379285
1241,0
1253,0
1256,0
1265,0
1276,0.0134925995638426
1277,0
1289,0
1301,0
1313,0
1324,0.2295399721515
1336,0.0448447900609158
1337,0
1349,0
1361,0
1373,0
1385,0
1397,0
1409,0
1420,0.191990365747535
1432,0.144721722190215
1433,0
1448,0
1457,0
1468,0.0954510025946722
1469,0
1481,0
1493,0
1505,0
1516,0.250345177641254
1517,0
1528,0.377420232414659
1529,0
1541,0
1544,0
1553,0
1564,0.13221391685352
1565,0
1577,0
1589,0
1601,0
1612,0.138533730548602
1613,0
1624,0.0327667994555428
1637,0
1640,0
1649,0
1660,0.104279785996904
1661,0
1673,0
1685,0
1697,0
1708,0.254788056992725
1709,0
1720,0.245700999150329
1721,0
1733,0
1736,0
1745,0
1756,0.257070002886778
1757,0
1769,0
1781,0
1793,0
1804,0.396468596034957
1816,0.117859279309575
1817,0
1829,0
1832,0
1841,0
1852,0.188609040922576
1853,0
1865,0
1877,0
1889,0
1901,0
1912,0.0101854618462193
1913,0
1928,0
1937,0
1948,0.0066046205246455
1949,0
1961,0
1973,0
1985,0
1996,0.0486156427427346
1997,0
2008,0.196127895597777
2021,0
2024,0
2033,0
2044,0.315486288614657
2045,0
2069,0
2081,0
2092,0.194480989262253
2093,0
2104,0.316227471655974
2105,0
2117,0
2120,0
2129,0
2140,0.137020750482997
2141,0
2153,0
2165,0
2177,0
2188,0.06010072930581
2189,0
2201,0
2213,0
2216,0
2236,0.347204407928658
2237,0
2249,0
2261,0
2273,0
2284,0.162330644247211
2285,0
2296,0.138861876136091
2297,0
2309,0
2321,0
2332,0.0233847067856827
2333,0
2345,0
2357,0
2369,0
2380,0.192656913394006
2381,0
2392,0.137494010479658
2393,0
2405,0
2408,0
2417,0
2428,0.0907936719269154
2429,0
2441,0
2453,0
2465,0
2476,0.0930645924009344
2477,0
2488,0.266433668199016
2489,0
2501,0
2504,0
2513,0
2524,0.0405759351747943
2537,0
2549,0
2561,0
2572,0.325037835693371
2573,0
2584,0.00267529532935107
2585,0
2609,0
2620,0.123967938757621
2621,0
2633,0
2657,0
2668,0.0435027684334232
2669,0
2680,0.16979294143818
2681,0
2693,0
2696,0
2705,0
2716,0.168408622501747
2717,0
2729,0
2741,0
2753,0
2764,0.0693220603068276
2765,0
2776,0.186536103879517
2777,0
2789,0
2792,0
2801,0
2812,0.0177719251247336
2813,0
2837,0
2849,0
2860,0.144745810712727
2861,0
2872,0.171239757233032
2885,0
2897,0
2908,0.0184813684502641
2909,0
2921,0
2933,0
2945,0
2956,0.288908102093877
2957,0
2968,0.0821113523955131
2969,0
2981,0
2984,0
2993,0
3004,0.0139034619242245
3005,0
3017,0
3029,0
3041,0
3052,0.13439635062596
3053,0
3064,0.266917018661243
3065,0
3077,0
3080,0
3089,0
3101,0
3113,0
3137,0
3148,0.0577177303219367
3149,0
3160,0.207198979571945
3161,0
3173,0
3176,0
3196,0.12379018131588
3197,0
3209,0
3221,0
3233,0
3244,0.175951319336831
3245,0
3256,0.280358550674808
3257,0
3269,0
3272,0
3281,0
3292,0.00448834416936798
3293,0
3305,0
3317,0
3329,0
3340,0.0734251347432047
3341,0
3352,0.0146167197596874
3353,0
3365,0
3368,0
3377,0
3389,0
3401,0
3413,0
3436,0.175715124973389
3437,0
3448,0.000329555688963324
3449,0
3461,0
3464,0
3473,0
3484,0.0989629778561113
3485,0
3497,0
3521,0
3532,0.0879125332790215
3533,0
3544,0.183972294562195
3545,0
3557,0
3560,0
3569,0
3580,0.112440323762208
3581,0
3593,0
3605,0
3617,0
3628,0.0657841026085495
3629,0
3640,0.373752309498445
3641,0
3653,0
3656,0
3665,0
3676,0.0932677663117327
3677,0
3689,0
3701,0
3713,0
3736,0.0174000849479388
3737,0
3749,0
3752,0
3761,0
3772,0.103158166407561
3785,0
3797,0
3809,0
3820,0.143434927407723
3821,0
3832,0.0439322541371741
3833,0
3845,0
3848,0
3857,0
3868,0.0697983223308694
3869,0
3881,0
3893,0
3905,0
3916,0.0295465623744501
3917,0
3928,0.0509191256451871
3929,0
3941,0
3944,0
3953,0
3964,0.00545051923988194
3965,0
3977,0
3989,0
4001,0
4012,0.195504889260638
4013,0
4024,0.235484621421318
4037,0
4040,0
4049,0
4060,0.282382786869215
4061,0
4073,0
4085,0
4097,0
4108,0.0397201502981069
4109,0
4120,0.118917269572776
4121,0
4133,0
4136,0
4145,0
4156,0.138088574216769
4157,0
4169,0
4181,0
4193,0
4204,0.135396090876768
4216,0.333314598010788
4217,0
4229,0
4241,0
4252,0.248615555543804
4253,0
4265,0
4277,0
4289,0
4301,0
4313,0
4328,0
4337,0
4348,0.0725949194828933
4349,0
4373,0
4385,0
4396,0.00997468063267506
4397,0
4408,0.0976955835250864
4409,0
4421,0
4424,0
4433,0
4444,0.333165619123177
4445,0
4457,0
4469,0
4481,0
4492,0.103712127604163
4493,0
4504,0.0127032179890122
4505,0
4517,0
4520,0
4529,0
4540,0.278245109357483
4541,0
4553,0
4565,0
4577,0
4588,0.0509552222111747
4589,0
4601,0
4613,0
4616,0
4636,0.150690876430134
4637,0
4649,0
4661,0
4673,0
4684,0.181602931984455
4685,0
4696,0.333413813805206
4697,0
4709,0
4712,0
4721,0
4733,0
4745,0
4757,0
4769,0
4780,0.174802430371807
4781,0
4792,0.132324328811209
4793,0
4808,0
4817,0
4828,0.156724528696737
4829,0
4841,0
4853,0
4865,0
4876,0.0400154574563525
4877,0
4888,0.178047881167312
4889,0
4904,0
4924,0.234985417372669
4937,0
4972,0.0548852529211611
4973,0
4984,0.0973663306440611
4985,0
4997,0
5009,0
5020,0.07253310874552
5021,0
5033,0
5045,0
5057,0
5068,0.0869690025759393
5069,0
5080,0.20826107833364
5081,0
5093,0
5105,0
5116,0.216355119376354
5117,0
5129,0
5141,0
5153,0
5164,0.0172675262958596
5165,0
5176,0.328248873279692
5177,0
5189,0
5192,0
5201,0
5212,0.0488881377149394
5213,0
5237,0
5249,0
5260,0.265615534028763
5261,0
5272,0.0178273695928038
5273,0
5285,0
5288,0
5297,0
5308,0.000356659017973032
5309,0
5321,0
5333,0
5345,0
5356,0.32004530400992
5357,0
5368,0.130727963910167
5369,0
5381,0
5384,0
5393,0
5404,0.066936433704943
5405,0
5417,0
5429,0
5441,0
5452,0.0424688605736244
5453,0
5464,0.143827794390864
5465,0
5477,0
5480,0
5489,0
5501,0
5513,0
5548,0.201339117968954
5549,0
5560,0.33239572688416
5561,0
5573,0
5576,0
5585,0
5596,0.16474680763935
5597,0
5609,0
5621,0
5633,0
5644,0.0593013041225581
5645,0
5656,0.0916606898270311
5657,0
5669,0
5672,0
5681,0
5692,0.0845842988532075
5693,0
5705,0
5717,0
5729,0
5740,0.296592836141823
5741,0
5752,0.0655507512268655
5753,0
5765,0
5768,0
5777,0
5788,0.172205354271133
5789,0
5801,0
5813,0
5836,0.0138312586018455
5837,0
5848,0.0332119840325117
5849,0
5861,0
5864,0
5873,0
5884,0.121726107040278
5885,0
5897,0
5909,0
5921,0
5932,0.0798126939755224
5933,0
5944,0.124970293983048
5945,0
5957,0
5960,0
5969,0
5980,0.0737214081048344
5981,0
5993,0
6005,0
6017,0
6028,0.0384234643594763
6029,0
6040,0.0447648844349119
6041,0
6053,0
6056,0
6065,0
6077,0
6089,0
6101,0
6113,0
6124,0.121452868142363
6136,0.0600082370937556
6149,0
6152,0
6161,0
6172,0.22601997104307
6173,0
6185,0
6197,0
6209,0
6220,0.0205373133117458
6221,0
6232,0.0278344552160356
6233,0
6245,0
6248,0
6257,0
6268,0.225634274591217
6269,0
6281,0
6293,0
6305,0
6316,0.349421959548238
6317,0
6328,0.181146413276164
6329,0
6341,0
6344,0
6353,0
6364,0.0149070134263655
6365,0
6377,0
6389,0
6401,0
6412,0.00864268249816139
6424,0.0339051422306203
6437,0
6440,0
6449,0
6460,0.114296443326478
6461,0
6473,0
6485,0
6497,0
6508,0.193923986284879
6509,0
6520,0.170391628958485
6521,0
6533,0
6536,0
6545,0
6556,0.196069060260632
6557,0
6569,0
6581,0
6593,0
6604,0.219903094043458
6605,0
6616,0.0860958046101255
6617,0
6629,0
6632,0
6641,0
6652,0.142171859884832
6653,0
6665,0
6677,0
6689,0
6701,0
6712,0.0408162139356808
6737,0
6748,0.196643486408979
6749,0
6761,0
6773,0
6785,0
6796,0.065145908302156
6797,0
6808,0.171834719555367
6809,0
6821,0
6824,0
6833,0
6844,0.13798523539299
6857,0
6869,0
6881,0
6892,0.0344608935069173
6893,0
6904,0.042866382115975
6905,0
6917,0
6920,0
6940,0.212885919565669
6941,0
6953,0
6965,0
6977,0
6988,0.148723504112587
6989,0
7001,0
7013,0
7016,0
7036,0.0776320032510244
7037,0
7049,0
7061,0
7073,0
7084,0.0429866823669658
7085,0
7096,0.0073104568766977
7097,0
7109,0
7112,0
7121,0
7132,0.0722627858931077
7133,0
7145,0
7157,0
7169,0
7180,0.0251801765033627
7181,0
7192,0.038124074045122
7193,0
7205,0
7208,0
7217,0
7228,0.187067292833799
7229,0
7241,0
7253,0
7265,0
7276,0.111757224559694
7277,0
7288,0.138123411533275
7289,0
7304,0
7313,0
7324,0.251945513782433
7337,0
7349,0
7361,0
7372,0.00661230792737093
7373,0
7384,0.289246602700213
7385,0
7397,0
7409,0
7420,0.269699967967968
7421,0
7433,0
7445,0
7457,0
7468,0.021626284943761
7469,0
7480,0.0168041701218404
7481,0
7493,0
7496,0
7505,0
7516,0.143860220716238
7517,0
7529,0
7541,0
7553,0
7564,0.195425042387489
7565,0
7576,0.162939994320063
7577,0
7589,0
7592,0
7601,0
7612,0.262738215902959
7613,0
7637,0
7649,0
7660,0.000639988976695874
7661,0
7672,0.132409960731045
7673,0
7685,0
7697,0
7708,0.113225431961455
7709,0
7721,0
7733,0
7745,0
7756,0.373830236023197
7757,0
7768,0.0683421988490253
7769,0
7781,0
7784,0
7793,0
7804,0.0314724962636613
7805,0
7817,0
7829,0
7841,0
7852,0.0896757790664217
7853,0
7864,0.090246621663871
7877,0
7880,0
7901,0
7913,0
7937,0
7948,0.176095759841729
7949,0
7960,0.193612432622729
7961,0
7973,0
7976,0
7985,0
7996,0.00303752492210102
7997,0
8009,0
8021,0
8033,0
8044,0.117464790292229
8045,0
8056,0.215141239503919
8057,0
8069,0
8072,0
8081,0
8093,0
8105,0
8117,0
8129,0
8140,0.241217159715142
8141,0
8152,0.162793953114524
8153,0
8165,0
8168,0
8177,0
8188,0.0661855743511079
8189,0
8201,0
8213,0
8236,0.115599645973501
8237,0
8248,0.0291250719983989
8249,0
8261,0
8264,0
8273,0
8284,0.0900172190910574
8285,0
8297,0
8309,0
8321,0
8332,0.197052754156632
8333,0
8344,0.00357758005525258
8345,0
8357,0
8360,0
8369,0
8380,0.281649626630906
8393,0
8417,0
8429,0
8440,0.170155275518763
8441,0
8453,0
8456,0
8465,0
8476,0.154958203725368
8489,0
8501,0
8513,0
8524,0.028128297656868
8536,0.0439984663459901
8537,0
8549,0
8552,0
8561,0
8572,0.20605749364848
8573,0
8585,0
8597,0
8609,0
8620,0.103031951885549
8621,0
8632,0.0624546216879303
8633,0
8645,0
8648,0
8657,0
8668,0.101094930189189
8669,0
8681,0
8693,0
8705,0
8716,0.0235817836353191
8717,0
8728,0.054770430652077
8729,0
8741,0
8744,0
8753,0
8764,0.200962166762886
8765,0
8777,0
8789,0
8801,0
8812,0.113798050586298
8813,0
8824,0.144799480294093
8837,0
8840,0
8849,0
8860,0.0923114482036944
8861,0
8873,0
8885,0
8897,0
8908,0.15515694803408
8909,0
8920,0.124235557836461
8921,0
8933,0
8936,0
8945,0
8956,0.179163563306603
8969,0
8981,0
9004,0.16023224047539
9005,0
9017,0
9029,0
9032,0
9041,0
9052,0.00654218160769699
9053,0
9077,0
9089,0
9101,0
9112,0.188894834079406
9113,0
9128,0
9137,0
9148,0.0793216454554814
9149,0
9161,0
9173,0
9185,0
9197,0
9208,0.190507790598273
9209,0
9221,0
9224,0
9233,0
9244,0.00390442025983632
9257,0
9269,0
9281,0
9292,0.0668478829521292
9293,0
9304,0.000127721462583313
9305,0
9320,0
9329,0
9340,0.0492755701766784
9341,0
9353,0
9365,0
9377,0
9388,0.203242412517503
9389,0
9401,0
9413,0
9416,0
9436,0.270321826270296
9437,0
9449,0
9461,0
9473,0
9484,0.0186109072549748
9485,0
9496,0.0931848752279501
9497,0
9509,0
9512,0
9521,0
9532,0.0249019926120793
9533,0
9545,0
9557,0
9569,0
9580,0.163763586339663
9581,0
9592,0.12177628661491
9593,0
9605,0
9608,0
9617,0
9628,0.130214814563725
9629,0
9641,0
9665,0
9676,0.112453859682827
9677,0
9688,0.287637610777107
9689,0
9701,0
9704,0
9713,0
9724,0.286337635430653
9737,0
9749,0
9761,0
9772,0.0353182679319006
9773,0
9784,0.404775234139877
9785,0
9797,0
9809,0
9820,0.278871801719293
9821,0
9833,0
9845,0
9857,0
9868,0.102011348283792
9869,0
9880,0.103849286311597
9881,0
9893,0
9896,0
9905,0
9916,0.0944444201919123
9917,0
9929,0
9941,0
9953,0
9964,0.162925925145615
9965,0
9976,0.0192439401749527
9977,0
9989,0
9992,0
10001,0
10012,0.316009117171055
10013,0
10037,0
10049,0
10060,0.212497728676319
10061,0
10072,0.126053868030382
10073,0
10085,0
10088,0
10097,0
10109,0
10121,0
10133,0
10145,0
10156,0.0405674883707406
10157,0
10168,0.145932439687648
10169,0
10181,0
10184,0
10193,0
10204,0.193783230735425
10205,0
10217,0
10229,0
10252,0.0505786970207384
10253,0
10264,0.233639796733213
10265,0
10277,0
10280,0
10289,0
10301,0
10313,0
10337,0
10348,0.0440024216126839
10349,0
10360,0.089131992559954
10361,0
10373,0
10376,0
10385,0
10396,0.0166660252399318
10397,0
10409,0
10421,0
10433,0
10444,0.274307089179287
10445,0
10456,0.000746372961341312
10457,0
10472,0
10481,0
10492,0.015590511110065
10493,0
10505,0
10517,0
10529,0
10540,0.0816156074336408
10541,0
10552,0.089313785179017
10553,0
10565,0
10568,0
10577,0
10588,0.329356634322959
10589,0
10601,0
10613,0
10636,0.15833550589932
10637,0
10649,0
10661,0
10664,0
10673,0
10684,0.0538788457379965
10685,0
10697,0
10709,0
10721,0
10732,0.114273734595684
10733,0
10744,0.0980581924248743
10745,0
10757,0
10760,0
10781,0
10793,0
10805,0
10817,0
10828,0.0934735679015421
10840,0.181907169248121
10841,0
10853,0
10856,0
10865,0
10876,0.00911087265178193
10877,0
10889,0
10901,0
10913,0
10924,0.151433065584499
10936,0.238149747201912
10937,0
10949,0
10961,0
10972,0.00483156697058268
10973,0
10997,0
11009,0
11020,0.0518503091013294
11021,0
11032,0.369990831525722
11033,0
11048,0
11057,0
11068,0.0408199498332959
11069,0
11081,0
11093,0
11105,0
11116,0.227728311960595
11117,0
11128,0.0447674864429873
11129,0
11141,0
11144,0
11153,0
11164,0.145432925587017
11165,0
11177,0
11189,0
11201,0
11212,0.0128963292930346
11213,0
11224,0.175968522711724
11237,0
11240,0
11249,0
11260,0.245106018557923
11261,0
11273,0
11285,0
11297,0
11308,0.0245824544278307
11309,0
11320,0.0861793688066416
11321,0
11333,0
11336,0
11345,0
11356,0.0396950640836321
11357,0
11369,0
11381,0
11393,0
11404,0.0682322284632673
11405,0
11416,0.125008415674426
11429,0
11432,0
11441,0
11452,0.237824135319024
11453,0
11465,0
11477,0
11489,0
11501,0
11512,0.0699376424888709
11513,0
11528,0
11537,0
11548,0.0532790496469429
11549,0
11561,0
11573,0
11585,0
11596,0.165662548024484
11597,0
11608,0.0130120603772333
11609,0
11621,0
11624,0
11633,0
11644,0.0845715540943719
11645,0
11657,0
11669,0
11681,0
11692,0.159210387818894
11693,0
11704,0.302817652789827
11705,0
11717,0
11720,0
11729,0
11740,0.246437480171148
11741,0
