5,2.35074848930377,3.45386803680568,4.70136976599286
24,0,1.48884771837158,2.20758810273071
28,0,0.979033992832471,2.40668113522951
37,0.342825901748031,1.89867661786411,2.89084127074253
53,0.515429439805751,1.86954239377161,2.56273686004109
69,0.713414715449863,1.70386697519836,2.15954006937838
76,0,0.836582978875406,1.74297906818373
89,0.315913202424335,1.33739722426120,1.93214884663951
93,0.188450465186421,1.49172744468978,2.33638626306566
97,0.420176994154809,0.928423867892055,1.76257821140646
104,0.435925681389333,1.54176843504521,1.85463115655281
113,0.314074839578192,1.09496322040349,1.71243171427723
120,0,0.776268232585718,1.54733237078945
133,0.347670175440243,1.23986899055810,1.95111702674397
136,0.491228166868770,1.00660726967675,2.06559364506551,2.20480450409611
137,0.321958240992025,0.844562466843783,1.95002574561231
140,0,0.820928850596473,1.56590044580085
141,0.296120071462105,1.38016507317559,2.14700432433524
156,0,0.740094050988795,1.48488847367259
157,0.515326194981228,1.08419546489904,1.99496126235273
168,0.405108651208157,1.06380976726112,1.83027055142757
172,0,0.448956194500314,1.47842035011542
177,0.300489837609586,0.821505267674780,1.63439977183156
181,0.416683863123337,1.33214125912058,1.75840861196652
184,0,0.496893618277314,1.42422599207810
185,0.217220744643855,1.17219754469423,1.73008716815747,1.90464739037042
201,0.222050075217384,1.09742412150632,1.69818771193201,1.89022520157424
204,0,0.756461494537949,1.37952839081989
213,0.117276619774642,1.29220737709680,1.93825171622480
221,0.215432088011819,1.34346057202632,1.91669315929235
229,0.118101015790588,1.23998384969440,1.83591399450071
232,0,0,0.863165329102636
248,0,0.708889727837933,1.47202059433621
257,0.442449514834558,0.893027315973499,1.53281966259223
265,0,0,0.962423313620915
269,0.380558936828090,1.51716972256716,1.62018741179655
273,0,0,1.02098035896684,1.34383507942755
301,0.225429671504692,1.00075289500443,1.94930243305214
309,0.422466735447021,1.07689933423236,1.81196558373829
313,0.216552787210703,0.896976000306423,1.42956297476019
316,0,0.626810908019527,1.13784298460005
317,0.0986569303067681,1.04025193324799,1.87291588215191
328,0.305291157010295,0.976640355823211,1.46737225429829
332,0,0.485328006657683,1.41890044294140
345,0.194809320049643,0.931070143880193,1.25397511204619
348,0,0.640737822097538,1.29808201089465
353,0.188487717589206,0.787455968851585,1.66457962084419,1.90313355231557
357,0.465804163448403,0.824034593137368,1.89602295292634
376,0,0.732998212412559,1.12274598505111
377,0.366968684022238,0.833533476585848,1.47509236514699
380,0,0.681272678167784,1.18891684493572
389,0.0801290645571818,1.17434336004274,1.83060969058882
397,0.202314117978907,0.973379066440559,1.56336256354304
401,0,0,0.816460557827570
421,0,0,0.910102206599476
428,0,0.537472360218669,1.23366261944146
433,0.195922708421811,0.784463398315823,1.38063718137583
445,0.0937104787381284,0.993478164243719,1.50274598118940
449,0.170902009056620,0.738093338057196,1.56238122106635,1.91681404997859
456,0.225292123551056,1.03609122129771,1.42938112874737
465,0.564976237250861,0.809621547229266,1.26441582347033
472,0,0.707288657877037,0.955618225983517
485,0.442119207320861,0.873489581067950,1.74148060771964
488,0,0,0.957653363049502
489,0.340658972985583,0.761018283947264,1.46123676483954
492,0,0.381658448738452,1.10273797207812
493,0.171452286406861,1.09978585212203,1.37646359308354
508,0,0.392873981673900,1.04660449141065
509,0.0684005584449054,1.11859253945233,1.85977979278869
520,0.282514167550331,0.740677287916856,1.38970998735354
521,0.423793864389819,0.963288845892996,1.30622149240467
524,0,0.713142322576734,1.25989020363543
533,0.159784873058147,0.890910093789922,1.73724794359418
536,0,0.650193331241964,1.09666707943727
537,0.144414873524068,0.969525307027122,1.30033379374890
553,0,0,0.654550057546119
556,0,0.556051106971096,1.21536401560826
565,0.261999908629761,0.873082414721420,1.52702293793664
568,0,0.593240984965808,0.920370493615405
573,0.0699316390335061,1.14614538482498,1.60877198427156,1.80819773491348
577,0.185727231799286,0.705603919287108,1.22175256486024
581,0.439163871423085,0.965873277558740,1.67986194975194
584,0.172730705726158,1.08110532865071,1.63104117999077,1.78423298052007
597,0.155646294166691,0.938732887490085,1.52126223788198
604,0,0.262193874895778,1.12529587043888
609,0.291829610747446,0.884860844197492,1.17772877293204
617,0,0,0.686779003591543
641,0.126431272352252,0.922548882072300,1.26790456966571
653,0.394083914862713,0.819423628686471,1.55529486178540
661,0.234761251060447,0.861507919036206,1.58919732762876
665,0.291568656029821,0.751819904238964,1.22896754927725
668,0,0.387981691593978,1.26583277862996
669,0.421865021762296,0.748721952828915,1.66896489000847
680,0.188970866843854,0.869911375726633,1.41568598122699
685,0.416187733918087,0.824079458703059,1.55900910019756,1.87312687294361
697,0,0,0.508789621891804
705,0,0,0.919265278663819
709,0.0807104030075096,0.792485561852944,1.49968743864788
713,0.137438527294209,0.729145819774004,1.33285500619090
728,0,0.496321998399301,1.06301270691789
732,0,0.524343124788086,1.03144398940469
741,0.388730725001345,1.04455034927879,1.42157277443218
749,0,0,0.991398645453473
753,0.134712499126201,0.930172347581506,1.07641386453683
757,0.168705835943678,0.758504039386299,1.39589708306478
773,0.125680384189594,0.906302105500195,1.59852964059279
780,0,0.575055577374857,1.18738663029158,1.48948506994357
785,0.136716116834721,0.706932387932188,1.25487435068877
793,0.414448414800705,0.572288273905162,1.06154793820152
797,0.180579216728668,0.939016758212048,1.71394676148208,1.89815372761872
808,0.222928425074000,0.742784154212184,1.23869637767801
817,0,0,0.757783896698545
824,0,0.510573421773882,1.18472628260163
829,0.0632847785183481,0.999053789714517,1.41176885585216
840,0.189221830861523,0.767319090682814,1.48551184997718
844,0,0.486723050256996,1.11586160432526,1.36071519584390
860,0,0.451505913880205,1.17474758074108
861,0.112437250800953,1.08805845274818,1.47823099254807
872,0.397021610436969,0.739813066643823,1.26455299043623
876,0,0.453445664317019,1.01127826431091
881,0.346621284052435,0.765559705140091,1.42964111461804
885,0.169601868143549,1.06240923046735,1.47001357273328
888,0,0.673311281696724,1.01618160012563,1.48649896902959
889,0.325788065977375,0.627683224131532,1.12993715529707
905,0.137999479380625,0.626751494566405,1.25101460476543
908,0,0.554521049109972,0.977137814402559
917,0.270922956158120,0.726301104905226,1.60109115659320
920,0,0.524606030336746,1.17379136820984
929,0.220455413617281,0.785887403061809,1.33736048312613
933,0,0,0.790097440598456
949,0.282728317534575,0.842465443616036,1.22443981540394
952,0,0.310567140415842,1.08085360309666,1.48488966343730
956,0,0.404971776946665,1.00384864577927
969,0.234473504734319,0.757332128339396,1.33039913021830
973,0.409711471917427,0.512184931937263,1.38832952284306
977,0.132017568643432,0.696505654599455,1.06271236219968
993,0.121444823456599,0.760590856131936,1.18889016035780
1005,0.0597192240813212,0.854443695215120,1.50980096708519,1.83281254966102
1013,0.0517768046312444,0.963909007707684,1.57415420074066,1.83894449106612
1020,0,0.420882517221994,1.14981222032134
1021,0.129200046344046,0.784609423946337,1.48052552161720
1032,0.372717006338317,0.729650949345589,1.30041390874950
1036,0,0.444152017244254,1.07399528760405,1.42292736710601
1037,0.234251728946932,0.860557823175544,1.34663569206210
1049,0.0920487657741706,0.968359829823186,1.19801214330204
1052,0,0.594634235515468,0.845417179455100
1057,0,0,0.803646133423149
1061,0.0546033376324250,0.835741895404911,1.54119247933132,1.96942108421630
1065,0.118064296433084,0.743915234678492,1.23989083319895
1081,0,0,0.745332833342135
1084,0,0.469692976976282,0.904615486918453
1093,0.385885698149260,0.741720209556234,1.12530305727040
1101,0.280705361813005,0.930735116494745,1.29973066388263
1105,0.261415227904554,0.723042432492913,1.11035947814137
1109,0,0,1.08803257637003,1.44204901835445
1132,0,0.558005552690326,0.961395819644951
1137,0.115102322330181,0.773207299171232,1.08610780474197
1145,0.363047827349555,0.693393575367364,1.11210979221280
1149,0.174641958873669,0.784982410901288,1.49490468726201
1153,0.130807342539041,0.663088259857048,1.27635087851731,1.44202768685894
1160,0.277080503411476,0.906191939584039,1.27227920097501
1169,0.208662864640820,0.706283249936633,1.40318146172608
1181,0.327118755227666,0.758017111410978,1.66990024960559,1.97254801233516
1189,0.263287012208494,0.691054788600403,1.48509745204276
1192,0.188583192370339,0.818102041951914,0.981357375016903
1193,0.328488374150663,0.726242233099255,1.19804879236507
1196,0,0.611619051960656,1.08154444591382
1212,0,0.368326836963838,1.10463923259220,1.35743644223106
1213,0.0651678946937822,0.772423482263112,1.25956523764101
1228,0,0.416406952899311,0.860570275231521
1237,0.127531538120970,0.760840338313639,1.26001974164140
1240,0,0.231570847436933,0.974066886873744
1241,0.225636671829318,0.671642937930000,1.12993475753290
1257,0,0,0.654241859159521
1272,0,0.398243283078192,1.10137976288096,1.43381658608706
1277,0.251205398422693,0.855545529134408,1.42727504829977
1281,0.216828289414319,0.730253882897567,1.14452314836075
1285,0.274558813715450,0.724221524621500,1.14224878487473
1288,0.188691879141719,0.659441664406545,1.22952833375246
1301,0.332639176029178,0.878312309133317,1.49363658679653
1304,0,0.371286194886986,1.22732899723449,1.43904789207850
1308,0,0.228788241778216,1.09644313876332
1313,0,0,0.515255900098652
1321,0.119152807895780,0.644452556714284,1.28341521473415,1.49990703487052
1329,0.0881432462740802,0.915288834287277,1.25596402081484,1.45450504130308
1345,0,0,0.586941152385211,0.997005558325270
1357,0.203472848545269,0.631543044051538,1.40118624898545
1365,0.197989704849293,0.946506339226490,1.26535265831932
1373,0.0601084304030122,0.626104148798321,1.47803278878036
1384,0.330609605208621,0.778514791838868,1.06804445608357
1388,0,0.545005915287932,0.838215051575379
1389,0.0466916859923562,0.882931302676511,1.53880277962995,1.79956448640257
1401,0.379016144642929,0.567223722769910,1.27081112061720
1409,0.106573166336782,0.633663825831931,1.20507450953415
1417,0.265906645543914,0.602395301537869,1.12069488543160,1.48851827248204
1432,0,0.321920439751229,0.705093146196326
1433,0.181889440242627,0.825630765410438,1.12519201967560
1436,0,0.253765599943358,1.04502362162596
1453,0.219641116485230,0.573049542058517,1.32677149022088
1457,0,0,0.686607083820130
1461,0.234266273100011,0.927341821186588,1.26110219409149
1477,0.133935359260143,0.632634692915907,1.24374275969343
1484,0,0.394482794527782,1.04920480002773
1489,0.102061364967751,0.789528551548335,1.17321411870572,1.30988819676296
1497,0.256968019077675,0.525332740558307,1.22659817104123
1501,0.109719083421809,0.728794294350256,1.44183987080244
1505,0.180964166823333,0.797960066013837,1.13740049584543,1.49859808880573
1528,0,0.445305108154367,0.737285328275651
1533,0.320713818376031,0.767679918540143,1.35495487623196
1541,0.149165489051995,0.713567828176063,1.45925788348476
1544,0.253535830379128,0.839012125717834,1.20283278418309
1545,0.210029310068138,0.659126296069080,1.16350482406259
1549,0.239119607781573,0.466675669446485,1.45900994500461
1564,0,0.501674597253070,1.05449399758384,1.36371206888424
1565,0.167865412984179,0.614821759455806,1.50117384213382,1.87148324828049
1576,0,0,0.734656348085353
1577,0.252538131941971,0.502243298290222,1.20984884702033
1580,0,0.397639879479751,0.990933009984539
1585,0.318030907649850,0.821759969186592,1.02468283132659,1.30939534570990
1589,0.0837331398866948,0.874479405728329,1.46576966441515
1592,0,0.425550288021724,0.933183946081707
1609,0.192723631939581,0.819040929966096,1.08308494158845,1.46670664495020
1612,0,0.413158591775170,0.842692376487408
1621,0.209536596662308,0.856107825705154,1.15135499480219
1624,0,0.374894237349739,0.974341798068895
1633,0.181940938652653,0.397093676887945,1.07517893804413,1.43166801331947
1637,0.0407584838932382,0.973604372319019,1.31714693747963
1640,0.139618310561634,0.707996099562107,1.15406749736725
1653,0.107960280972149,0.739233598921838,1.17869674385786
1660,0,0.304142306843897,0.986052485594713
1673,0.187418696180292,0.720307470537510,1.09044358696857
1677,0.106237240764680,0.710413327284599,1.31845053069243
1697,0,0,0.539002019804640
1709,0.394740410671496,0.605423710280880,1.34326393588246
1717,0.119114279216764,0.693613668703973,1.14712881675427
1721,0.0883600238113721,0.653112218206641,1.28751579250521
1724,0,0.221600368554876,1.11553787713731,1.39557531727375
1736,0.123937678694062,0.737924711103208,1.22853877737811
1740,0,0.383393555506677,0.990833932239899
1741,0.358532056705646,0.777611856512477,1.32865786367030
1753,0,0,0.577101002745971
1756,0,0.567094300460073,0.987821780128766
1761,0.249219476295315,0.482063041183030,1.29850365790524,1.45889690356570
1765,0.167604419743326,0.704616458786142,1.24337149272309
1769,0.149219001134499,0.904394182930099,1.09796705437531
1784,0,0.351915420860153,1.23340386025750,1.44869218324340
1785,0.409348431805201,0.684634545744518,1.15879471901608,1.34003168650802
1788,0,0.555600452111265,0.790759848535276
1797,0.272083626478625,0.859302392287458,1.24846773106957
1829,0.326605654803142,0.712877145880740,1.39267840815770
1841,0,0,0.649911538630830
1853,0.0944434432445830,0.661558511870561,1.51824233042665,1.83563974124537
1857,0.397469965062973,0.548239647036207,0.943378185806073
1864,0,0,0.702569664689203
1873,0.331169395936337,0.412207497424591,1.07625129996288
1880,0,0.497712033763522,0.812306968981623
1885,0.116442774231496,0.636588530065390,1.20691516908848
1893,0.0452758586803289,0.769151390462996,1.38475530012396
1896,0.245341187891613,0.774068325026304,1.18396192156007
1897,0,0,0.702696329770381
1901,0.0387198300985379,0.918806127701192,1.25058655575240
1916,0,0.596188694115361,0.880331412182534
1928,0,0,0.833087107675751
1929,0.0938519698217013,0.728681052607500,0.959855456051226
1932,0,0.223252016302364,1.00338551516575,1.42590035474612
1937,0,0,0.675110775469116
1941,0.123065160185177,0.937704379769934,1.18712539920991
1945,0.112741807324424,0.562901493926147,1.12869199790167
1961,0.176151524080054,0.706000588275039,1.02608486940162
1964,0,0.425463425929363,0.939996275007260
1973,0.119809448385031,0.830596765609036,1.34464737254858
1976,0,0.168016363368553,1.02602104308984
1981,0.209588460745918,0.703122314678103,1.15660089877194
1985,0,0,0.702999584837938
1992,0.270620853081232,0.772247007196265,1.03714099597008
2005,0.196995372291571,0.720048399855275,1.29536588228298
2008,0,0.475945835330952,0.691419058345759
2012,0,0.663642207944674,0.839634876988156
2017,0.149290589336508,0.437840422494459,1.07979869684978,1.35429975483126
2029,0.124436851281908,0.989262797132203,1.12814256004437
2033,0,0,0.832327351571907,0.964636792936667
2049,0.176945660535378,0.660150600560008,1.13387431975023
2069,0.272843821982528,0.689193757592107,1.25717303610622
2073,0.147658036357844,0.382990756138161,1.13439530983231
2076,0,0.395343270647960,0.982497202429545
2077,0.140475118354182,0.794814689574317,1.25518686358824
2092,0,0.303288762345902,0.978753690923580
2093,0.168909376732053,0.800121643722314,1.15628747376933
2105,0.321897714809216,0.714098502911903,1.17798142605305
2108,0,0.372008631161227,0.804509750464838
2113,0.221834817436840,0.612826875640281,0.995627241059502
2117,0.290913781785416,0.611893929185607,1.39589954786915
2121,0.188212431171433,0.612635724221422,1.11531480894112
2136,0,0.583725525856122,0.861365334732556
2137,0.172654517612639,0.357237241188913,1.08371202493229,1.37431574986765
2140,0,0.588236009061119,0.712708967258909
2149,0.381927646752397,0.895377780161838,0.973220039974958
2157,0.135202281355954,0.785341280171551,1.15246308984427
2161,0.0921857425471216,0.644729735579972,1.18976058384990,1.46395943357797
2165,0.146468367445377,0.586239887829361,1.39757794188652
2181,0.215307299094804,0.745624389018323,1.31382991607396
2188,0,0.354462007343325,0.819501514088542
2193,0,0,0.703803683681797,0.943933328036809
2201,0.218792346307113,0.763649451600867,1.11712059658168
2216,0.277215590472196,0.562366063012487,1.17769563356372
2237,0.180114725535461,0.657700213413790,1.39767557655488
2245,0.344972586499007,0.729491744263688,1.11845693927418
2248,0,0,0.728755183056177
2249,0.186740217258621,0.543499669722237,1.21182771290425,1.48188712670745
2252,0,0.427699347719179,1.03076410566412,1.36546257404798
2253,0.212799997342596,0.748044236538341,1.31843116118069
2269,0.0502929788467560,0.716477039565632,1.02042082762138
2280,0.124123690552538,0.641519855969605,1.26984157167531
2281,0.301256620236744,0.634161571339708,0.991392278484019
2284,0,0.400398823673760,0.992719427730213
2289,0.162073376797054,0.677856236203939,1.22402603896553,1.44054770390081
2293,0.0581883245471568,0.626042166907796,0.987583857416376
2296,0,0.399166865599042,0.782275040944671
2297,0.0975568528134020,0.539525243407103,1.12957981120844
2316,0,0.263166242675476,1.03227735736365,1.47100268376722
2328,0,0.326003316546155,0.904887997601119
2333,0.0514258265637055,0.536795046754400,1.33628764311940
2337,0.455149908170262,0.507662988361074,1.05837771150297
2341,0.121595989930184,0.821271639747732,1.31793102544070
2344,0.112639187146668,0.829436656491728,1.19192268501210,1.37996731813269
2357,0.382054746003699,0.699085685549994,1.33539596748104
2360,0,0.406934621293055,0.793583540934420
2364,0,0.555025925497050,0.919700947377614
2369,0.141836606143969,0.698513424333939,1.25985564217797
2377,0.120692817584742,0.571991932433031,0.859582862454444
2381,0.182529244704219,0.588778551220265,1.37281660413301
2413,0.0979130314887822,0.704054155319634,1.06383493476873
2428,0,0.452901556683198,0.895684913468123
2429,0.0839047737106749,0.612870535247642,1.55358396167997,1.72942017949924
2440,0.359173979613095,0.500332607677416,1.03751807988522
2444,0,0.348443460234356,0.840444034494063
2445,0.360859960493212,0.719447424638960,1.18080976086588
2460,0,0.506229420909590,1.08324452348807,1.24152654056883
2465,0.184812342065775,0.580469552416772,1.00053825001298
2469,0.253178447408566,0.859296525860721,1.30355883825941
2473,0.116027186641197,0.528910437520060,1.02090528459924,1.30557167803784
2488,0,0.440701527888724,0.886416339387182
2489,0,0,0.608294277099493
2492,0,0.470957776970984,0.824385094170929
2501,0.191929418088265,0.529444003078914,1.43915835622489
2509,0.169705433802909,0.749820568484564,1.19145399672532
2513,0.332276106854392,0.702667732825014,0.979884929048102
2517,0.159001789062524,0.554009779491511,1.17447078200912
2533,0.115425023873649,0.500695032194798,1.36067219968247
2540,0,0.439509151927429,0.898904719315589
2545,0.0913934550310564,0.768334070915088,0.875231463473925
2553,0.0884150226873497,0.596398760830861,1.10455913026078
2557,0.0478453998983140,0.743955567521763,1.01381424524759
2561,0.297049167423382,0.682370420186888,1.09428170725061
2568,0.134015682078130,0.548111640366260,1.27885676337349
2577,0.278572118017282,0.652057961608579,0.957540422675643
2584,0,0.309269171364223,0.812092308786063
2589,0.304550621416054,0.807806390910289,1.18496176391325
2604,0,0.424243821539528,0.993123450602178
2605,0.0531867639674373,0.591394540378542,1.10246273385649
2620,0,0.333318432287223,0.797728884195668
2621,0.138869698059802,0.767138770123867,1.33093502803895
2632,0,0,0.624817677916755
2633,0.191956885949266,0.233689417217557,1.24441712873221,1.39738270720106
2636,0,0.482976060894927,0.928568016030728
2641,0.262014517699047,0.418864084307345,1.05821514966778,1.39236595163616
2648,0,0.490798738413188,0.732782248014858
2649,0.289331703795758,0.752084146182082,1.09424887423029
2665,0.182339141362571,0.660912336348708,0.952071285858862
2668,0,0.500926170560390,0.789126204243177
2677,0.0450879373456713,0.677596410551051,1.19607388776569
2680,0,0.529207666625400,0.804820239889614
2685,0.221424745729871,0.680264884999972,1.11801480412237
2689,0.102263992649583,0.579145210751400,0.929098226038883
2693,0.197913079836006,0.679838369672894,1.24258537788236
2696,0.117847449645439,0.579682243628880,1.23893595810481
2712,0,0.327452662053846,0.910599930899688
2716,0,0.421205363788690,0.847339509371031
2721,0.133587597306854,0.826053030156798,1.07198008057658,1.41896485065980
2729,0.264306635529287,0.776090121543008,1.09616302905462,1.42024190346962
2733,0.319037406583137,0.749058523369016,1.26386772282632
2737,0,0,0.568153911586599,0.966956608561066
2753,0.0818098624591088,0.640152840001019,0.990374534262316
2765,0.137285001740478,0.809000399648276,1.22421835218712
2773,0.102030537758479,0.607640719027677,1.11628276223555
2777,0.352233923258393,0.594361089928594,0.966616811093862
2780,0,0.380007657822492,0.729161586655209
2792,0.0970404846596017,0.778708834618983,1.10678951971873
2796,0,0.274735333259623,1.11280863005269,1.45836544822583
2797,0.110055593258314,0.579989280178893,1.01490028418858
2812,0,0.502086096840633,0.739659073909321
2821,0.421928712972276,0.592453881778055,1.05486755437621
2840,0,0.383421187827955,1.07504467760996,1.19037330111008
2841,0.0698709725963694,0.752072030029097,1.06205817813982,1.38151809991332
2861,0.0899745144770987,0.901636938908650,1.30340770018617
2865,0.0940797183923693,0.556674812224451,0.961422869427106
2869,0.164010567986974,0.682387000163998,1.28844242740095
2885,0.176458616440840,0.771885703716555,1.30533876607230,1.46688162811815
2892,0,0.470279265132977,0.742412945040646
2897,0,0,0.741229026924229,0.923179065018570
2905,0.227584977508076,0.499168138450957,0.897913041804659
2909,0.193007458861754,0.626442055968357,1.48611182895866
2913,0.0818041842424673,0.684711304941490,0.951783310765643
2920,0.155201949484269,0.525135061092831,0.996539225877712
2929,0.358830371405547,0.639680368009147,0.934719177462482
2936,0,0.349905476198225,0.934229865472583
2941,0.183050386335514,0.617740922377236,1.29430946693106,1.44218514496405
2949,0.127125677524337,0.603918140254008,1.34149269261311
2953,0.190814995047955,0.610167151883085,0.959445910545067
2956,0,0.150874313542084,0.825319782729723
2957,0.225277963161005,0.523347407284008,1.38219281032121
2972,0,0.244958666980999,0.765063542825194
2973,0.332085187640406,0.652341106192810,1.27117594816432
2984,0.121933660498763,0.515921733476570,1.27200965511798
2985,0.141370769199200,0.789255644248691,0.951283599219539
2993,0.165816444168386,0.609120787430582,0.964532493968900
3001,0.0814849435717726,0.668956256139511,1.03060792237274,1.27855742484167
3017,0.147974629544498,0.651422630068203,1.13141771483101,1.28045196725755
3020,0,0.401356835565125,1.03958121236365,1.42646362458375
3029,0,0,0.814018344192665
3032,0,0.402859143971732,0.839305847730307
3037,0.238921060288991,0.633802575462127,1.03236917011087
3041,0.124558110753659,0.738419601981571,1.09610054923184
3045,0.393304469499099,0.789986256858392,1.01660370569196
3048,0.108948259902436,0.656475287097431,1.25144056729145,1.36803539516555
3061,0.154111946106142,0.540197123316147,1.11146362314494
3064,0,0.417044408649241,0.976344872185422
3068,0,0.147970798454126,0.869133243755365
3073,0.214144678929629,0.568633628609721,0.831870276500381
3081,0.160991681334424,0.632567180800016,0.962195209355934
3085,0.260342211607201,0.633195208102188,1.34656281120616,1.43931043720331
3089,0.240816509004709,0.590318342561421,0.993621482197619
3117,0.130340916631054,0.587740539757356,1.34488059274117
3129,0,0,0.772981178979964
3133,0.298822144357748,0.699525714715835,0.871941744149055
3144,0.114395614954586,0.617511809707671,1.08531039447707
3148,0,0.120484189620353,0.851667990756986
3149,0.117516354373848,0.858415365437749,1.30049648855390
3161,0.192913689712410,0.435865228688356,1.11239758808887,1.45881070560977
3164,0,0.383722001795340,0.797104063333893
3169,0.0726001030187651,0.697458504186685,1.16430268583145,1.33670118170884
3173,0.0737338472614010,0.691175570689139,1.17659730850086
3192,0,0.219928549221502,0.913517769838466
3193,0,0,0.454685034744538
3196,0,0.219456177154614,0.714022695453045
3205,0.0442125436693988,0.601270649890015,1.18233584651939
3217,0.124637811493266,0.451036066863684,0.853934927703973
3221,0.323899173119483,0.735896098386331,1.07349123154104
3237,0.232619107575767,0.660546241627224,1.24311858720596
3244,0,0.476859568542092,0.757653931699781
3257,0.172935893046418,0.558705913526767,0.942455023471833
3261,0.0664606538982720,0.754705346366574,1.26498710775901
3265,0.0899293745562897,0.552553769396041,1.04278415027413,1.41760449341410
3272,0,0,0.687458724285844
3281,0.148434295983290,0.537725761569559,1.17604144263673
3288,0,0.466436384794952,0.941305206238611
3293,0.298221939413418,0.825134765954153,1.07992161272344
3301,0.249972891322483,0.510608989065039,1.26740573400754
3304,0.112245613663643,0.686570842572014,1.06605456325389,1.36814161026703
3305,0.0688919800046322,0.668413711005396,1.04672061159320,1.45402116306448
3308,0,0.282312561880915,0.858468357774847
3309,0.0315755756770922,0.863976701103070,1.10553333386656
3324,0,0.451892757728198,1.00745674273292,1.36907374774924
3336,0.108279269370045,0.654048262856278,1.02794735744705
3337,0.167724294178859,0.614018310723299,1.06915646751243,1.29994096027091
3340,0,0.560728683008227,0.731908112782709
3345,0.193742724114095,0.805201238819525,0.983712818059443
3349,0.0763329781228005,0.700376119685956,1.17440494719134
3352,0,0.267431205281889,0.896698785866586
3353,0.317881668441822,0.621392716278694,0.906698073584155
3369,0,0,0.548983340719231
3372,0,0.419575273998570,0.763361276088787
3389,0.0947950043736119,0.762381057297329,1.25695973752994
3397,0.326968351483660,0.505930769922091,1.18908745492611,1.38783626016302
3413,0.0514791310315577,0.421744613080750,1.30688162830395
3416,0,0.495842425101410,0.874053507964746
3433,0,0,0.532847836920625
3437,0.0721538531733517,0.674913262970657,1.12851862150814
3441,0.0697477500416284,0.652054827464775,1.15709464297770,1.29881363313510
3457,0.0737814125147615,0.767653123510613,0.988672549530470
3469,0.0472306615015029,0.541413930657836,1.14416719075026
3477,0.240816091974990,0.619346960935753,1.15668381148825
3484,0,0.253868730407008,0.882071239049308
3485,0.252509063535016,0.749293874436751,1.25649573320686
3496,0.0944970401597284,0.797399536511385,1.15641123414975,1.28509916669143
3513,0.377729340842997,0.689865088333745,0.936853643424566
3516,0,0.524730390473766,0.657665551902062
3521,0.167707521758579,0.462198722167993,1.12584626131259
3529,0.0841454103633402,0.671575116484839,0.875346196661213
3544,0,0.386257503158215,0.653713112502010
3545,0.0606264351363915,0.701621504329761,1.14149829972059,1.33648980645458
3548,0,0.361738758532419,1.05880842631518,1.32295739451706
3557,0.0508753242380908,0.416000390867884,1.32888892130283
3565,0.119292379273537,0.764226478713359,0.943070492426349
3569,0,0,0.678417167156576,0.975630676253222
3589,0.103567211121512,0.774696925803489,1.14321725346107
3596,0,0.501574044854389,0.849270706887277
3601,0,0,0.729251360026304
3613,0,0,0.473490340964444
3617,0.0672387966161778,0.636546113855031,1.00541079957846
3624,0.379740053053290,0.709786800846776,1.12968242529864
3633,0.175488859395850,0.521827474359884,0.981280154876472
3640,0,0.336163075138345,0.875561044724681
3653,0.147563855892817,0.573046817385587,1.36166924218627
3656,0.185115942729291,0.684305903668549,1.07650060827345
3657,0.149207961683264,0.577425272195041,1.15691017371795,1.31939509489651
3660,0,0.451498464654431,1.01779286104107,1.10988050494556
3661,0,0,0.664284241435557
3676,0,0.407686768010238,0.801237116043100
3677,0.254813477941273,0.551176482338599,1.09716481746371
3688,0.289859861240818,0.456435992233711,1.23634816011744,1.35615537106573
3689,0,0,0.611860341546117
3692,0,0.266561730736488,0.902022093413847
3697,0.115132710771793,0.437043548989953,0.961788902190855
3701,0.0535730857625095,0.862817916679919,1.29176089785864
3704,0,0.351415728060291,0.831247943295769
3705,0.145570418592709,0.697599498459975,0.919508170588959
3733,0,0,0.482589975123699
3736,0,0.375559165502519,0.793982406157344
3741,0.346881169791997,0.657906933259399,1.35000154345456
3745,0.363274691671589,0.564021960753590,0.951776475265845
3749,0.0772258630242673,0.533819179668599,1.28685920828399
3752,0.116565857815317,0.490742924717995,1.20929872411415
3765,0.170594973615355,0.693636591571659,1.19311297717977
3768,0,0.177398200347788,0.842764490721020
3772,0,0.172656584933058,0.791081101028366
3777,0.0896599220898147,0.502412241165826,1.05332892800373,1.21413932368413
3785,0.283961451760365,0.591901317344306,1.01777390678857,1.40095486230417
3793,0,0,0.637639752283323,0.874701468132952
3809,0.139271136036148,0.674463993319430,0.817124346825296
3821,0.432978203158065,0.674712328815980,1.21768949999871
3829,0.170908328967751,0.573777977501870,1.12162797970588
3833,0.103149912522839,0.388812004700650,1.00633351411593,1.44573462915041
3836,0,0.272282091121660,1.03665560050373,1.32346049895625
3837,0.238363232852621,0.492050259175698,1.11715343544073
3848,0.0851274292088344,0.738644889284344,1.13183563325152,1.41418903685666
3853,0.0823282521516037,0.635387071650008,1.03000749371243
3865,0,0,0.619070334776243,0.916708027926412
3868,0,0.301387261235600,0.613615285247813
3873,0,0,0.522630489677191
3877,0.150671067287601,0.718410931246741,1.04174443355913
3881,0.193270948318552,0.604481988363927,1.08152878070195,1.46152971387239
3896,0,0.395062078213106,0.861213477872000
3909,0.205693849209141,0.822896180898864,1.17695047227824
3917,0.255437413813197,0.641201392239660,1.08060180061417
3921,0,0,0.582510425265768,0.989839950627746
3941,0.302632631135416,0.535387635023254,1.33631403100280
3948,0,0.421407801390506,0.822436706848496
3953,0.362809760333602,0.603346989069900,0.946197617880794
3961,0.345447155593121,0.521322520775586,1.01427859966199,1.40380886761412
3965,0.0565897015589102,0.816682679168256,1.13436074365595
3976,0.127179850643326,0.490080481039869,1.14911053269686,1.44392752012290
3985,0.0962321422641162,0.504993617853347,0.933978408558111
3992,0,0.281862651869741,0.856205605580247
3997,0,0,0.578716898818797,0.944664196438519
4008,0.104987940803039,0.631654212938830,1.01251040160380,1.49310367911358
4009,0.151096080371268,0.626994053232592,0.917766121677898
4012,0,0.328038951289970,0.634522694057420
4013,0.136843812095063,0.684473302787643,1.04577137483412
4028,0,0.353726642933806,0.711718021849861
4029,0.194006533981749,0.755521270410853,1.08360424798350
4040,0.267232049817067,0.762664271936917,0.973534830896046
4044,0,0.643069635491164,0.803541658441176
4049,0.191275153674780,0.583906808014584,1.15616635316102,1.37703393192059
4053,0.215666025493770,0.637568651256552,1.21455904838953
4057,0.108278474179227,0.426153992353227,0.947156339419494
4073,0.198407919367080,0.586969279682528,1.12047061260129,1.40154165851804
4076,0,0.371795198317662,0.741495054230995
4085,0,0,0.685822640922468
4088,0,0.397453201840419,0.654439942108465
4093,0.159634127766639,0.666854687893824,0.981760347595153
4097,0,0,0.567472290110622,0.938169861458653
4101,0.0613140950055195,0.717366328942762,1.21946739522641
4117,0.0381418043797391,0.743586978019740,0.975147358377022
4120,0,0.332205963767346,0.840591869805904
4124,0,0.294331462724077,1.03080613674932,1.26464103655302
4129,0.0894295702416389,0.454357308946306,1.16525364373925,1.24018601456542
4137,0.301477448779718,0.584408457918872,1.03440551549326,1.34006489333913
4141,0.178997340785553,0.536581293044749,1.05806481485511
4145,0.240771539312093,0.528778285905205,0.887586412932922
4161,0.231949286424009,0.786584093587257,0.956915108639243
4173,0.243169855195094,0.583733299979741,1.07200231819836
4181,0.0422268312675809,0.439026522792516,1.36174163247299
4188,0,0.255817702014589,0.735555727751602
4189,0.300048641791898,0.791037213043045,1.05553397240087,1.49378396788291
4204,0,0.402319006765100,0.804463177644440
4217,0.388691931258346,0.602375185983048,0.805819911752672
4220,0,0.344142353676380,0.939067781570193
4229,0.0927558362232062,0.664461299761387,1.20303777516551
4233,0,0,0.501261909521758
4249,0,0,0.460496197886529
4252,0,0.542714961635484,0.672724823301164
4261,0.0915645621539737,0.861788672484215,1.04733753130780
4269,0.262886223394122,0.527351018892109,1.39450720564968
4273,0.0751279933448281,0.629501587151405,0.936533015769203
4277,0.132950684309758,0.634804659275340,1.15031567824801
4305,0.154698235390775,0.524769765879569,1.02794805790218,1.32125447469112
4313,0.134551762260773,0.644096678684122,0.910268909233291
4317,0.121202608438012,0.780610967712014,1.10567904289091
4321,0,0,0.289133029824806
4328,0.0891218032348303,0.681369168408870,1.07569087580771,1.36313549748504
4337,0.201958963184890,0.395246007347456,0.894258777920571
4344,0,0.364216936332436,0.737934675118657
4349,0.134222393527788,0.593328898619536,1.19676862757194
4357,0.235759532396650,0.484381831824763,1.13220292129884
4360,0,0,0.686138384181976,0.991075835032346
4364,0,0.243691655765398,1.10605674249503,1.34236498131773
4380,0,0.663084463186399,0.871453533257407
4381,0.206632346923597,0.668604182851179,1.17643807752601
4393,0.286661596997961,0.521269239239755,0.892994156630552
4396,0,0.433408044813579,0.800780409927761
4405,0.0425065678152887,0.628961392702427,0.863491159949180
4408,0,0.500065287449296,0.699480356821194
4409,0.131033704291461,0.515381742401118,1.18923663700358,1.46087879304511
4440,0,0.421334653194610,0.781898732559442
4445,0.187566241776129,0.638346417345425,1.22634726761159
4449,0.345567278581244,0.647230225805527,0.941122240983400
4453,0.0990112894781361,0.506024256684413,0.923476139441635
4456,0.101093279306044,0.721859759704948,0.868254312267623
4469,0.0504394426612669,0.809063040410182,1.27888430974183
4472,0,0.557745593402455,0.814240399441394
4476,0,0.409515936054495,1.02912998938157,1.23464705310238
4481,0,0,0.600758527564076
4493,0.0989968680919421,0.587676300482981,1.25066255156705
4497,0.189461285507927,0.682150189891161,0.987124911517382
4513,0.292161018209486,0.460092622594508,1.00479781353686,1.17251795255300
4533,0.243763337639485,0.693455842043689,1.00944126013773
4537,0.189921344291917,0.560022294090180,0.758527194867134
4540,0,0.446314724810797,0.779337446877435
4541,0.104828033233636,0.742188663622536,1.31749951860868
4552,0,0,0.400604573773787
4556,0,0.306881702560869,0.837166197330532
4569,0.0666172494811014,0.566562988778062,0.988433560939688
4577,0,0,0.816721730775634,0.927886686422020
4585,0.330267887771127,0.542992717093190,1.00809286741143,1.27275881408770
4601,0.141409482201311,0.479675238934109,1.15634097790333,1.44550696567626
4604,0,0.423528876305650,0.846189589092270
4613,0.134361226679565,0.602913998011451,1.12953210614536
4621,0.159367721176971,0.575679815293678,1.11530990872477,1.37768665141662
4629,0.183103011696784,0.714802129190089,1.14407434416660
4645,0.259375756851922,0.548826134038139,1.02198536896261
4652,0,0.400233424504923,0.672356093693854
4657,0.0854430472321539,0.546466040165635,0.910834272248425
4665,0,0,0.543938214089110
4669,0.0756145374400803,0.568445869645802,1.21351289946472,1.41827237092632
4673,0,0,0.396423650412679
4696,0,0.364108607361422,0.947606251924881
4701,0,0,0.695095383999290,0.996872273686114
4709,0.463494280586561,0.808940576647008,0.968016265453078
4712,0.329123737581790,0.618542151310837,0.780923317511851
4713,0.183896802196914,0.452412241346088,0.897943729448358
4717,0.0761350167766730,0.635098218876582,0.973359737182380
4733,0.0308795845985014,0.719689041376794,0.971270672901174
4744,0.182283606816176,0.666804149636040,1.10746391695255,1.35774925548289
4745,0,0,0.732931883183451,0.942577348090015
4748,0,0.455175261385042,0.840765055659050
4757,0.159094717720490,0.649174288831155,1.12894335386557
4760,0,0.213204942727414,0.817834339401408
4777,0.186556562021347,0.479642577674490,0.842897219408222
4780,0,0.411473195376721,0.926732219762424
4789,0,0,0.573720202439182,0.991814492177824
4792,0,0.312931992182864,0.594226443987311
4801,0.191892378120554,0.681055912041570,0.957774682567474
4808,0.306212518886077,0.536013725864019,0.999181446896317
4821,0.136409547522659,0.784475218818045,1.14594843904549
4828,0,0.319679383354984,0.775049686694525
4841,0,0,0.599208406086527,0.886103166977037
4845,0.339574513501485,0.666577066004556,1.07107627560403,1.45824737561981
4849,0,0,0.571867845248202
4865,0,0,0.704309138367485,0.967438290270785
4877,0.321127720103392,0.558283182461449,1.06477136271533
4885,0.401035134692568,0.659324123656550,1.05688344477655,1.41467016176921
4889,0.291162914132823,0.590182602894069,1.11086040122536,1.38078090035517
4892,0,0.327632189478470,1.01673698060082,1.18810532836644
4893,0.0667635858193325,0.640698446513730,1.09566097748965,1.47229061508304
4904,0,0,0.640198445119898
4908,0,0.223878432374615,0.767921001898041
4909,0.0404772135912397,0.543199464731818,1.04892428329588,1.48638764789835
4921,0.184671824946350,0.437613487760517,0.933980093707138
4924,0,0.255486689262332,1.02511090811127,1.19166624514803
4929,0.140823624456125,0.621247035481987,0.787735337539170
4933,0.0737917508355968,0.610091779226118,1.08574991862721,1.42355689293296
4937,0.256780031768853,0.656157385807000,0.923929796733861
4952,0,0.470799385020447,0.791899049950373
4953,0,0,0.518020852686333,0.902047912249367
4956,0,0.406109968138252,0.856760517581650
4965,0.0921040425061623,0.695548141953451,1.11569030106656,1.49181972456031
4973,0.100848297904721,0.538703709881013,1.23229322822205
4981,0,0,0.342719304190019
4997,0.161968144190183,0.424106806219037,1.29606873718522
5009,0.306520765888482,0.660629843299268,0.864128105299485
5017,0.158224193600777,0.522694551202160,0.956886585716097
5021,0.374895634444329,0.556206880457849,1.18358652282419
5032,0.320999662400678,0.595955554090116,1.01286554194466,1.31513526529494
5048,0,0.131526784513425,0.858097618073799
5053,0.0671975013171144,0.683261897518407,1.05243386633081,1.45006105879157
5061,0,0,0.778905538598109
5064,0,0,0.614350625887595
5065,0.0885618968573210,0.500618138227475,0.875998563686566
5068,0,0.326891358128002,0.735945990893432,0.999773587231774
5069,0.133955147487178,0.757615146122038,1.07196715243800
5084,0,0.380558738518965,0.755052563912275
5097,0.137345926954260,0.586275622815686,0.969630560160170
5105,0.135522719245200,0.500255704560245,1.09535275851883,1.33890314045130
5109,0,0,0.829899826219228
5113,0.248641191849415,0.489317828853284,1.03135545032185,1.22719708537758
5129,0.168207695975413,0.602425126180661,1.08710515392860,1.32812986423051
5132,0,0.155994835671952,0.811641467670197
5141,0.0570939373782877,0.596485034057732,1.31060935336084
5144,0,0.523802452622395,0.880440515152697
5149,0.305370105501860,0.645110704406488,0.877512181290379
5153,0.0823499069314234,0.435112187610865,0.969275467803587
5160,0.460320095849743,0.518167767957716,0.998375321658377
5173,0,0,0.779565990017823,0.893848137125102
5176,0,0.257322675544090,0.775393353272831
5180,0,0.352108102871157,0.892779640125155
5185,0,0,0.558986517171820,0.946699438366570
5197,0.417324004967073,0.709245864820561,0.839264633067513
5201,0.227509595738145,0.645929851386021,0.931178775767805
5217,0.134938394539910,0.618521370949763,0.916442676940762
5237,0.0368923650959369,0.521377935222151,1.01207970464202
5241,0.341293419124420,0.522313442368347,1.07828461828982,1.32842859276106
5244,0,0.401643508385158,0.701102615293837
5245,0.0417929446296784,0.519375666701604,1.05411630589993,1.36688426085748
5260,0,0.296337907437707,0.778459548229567
5261,0.143714614534597,0.640621998741548,1.15418157585809
5273,0.0767682826349900,0.476090607847553,0.926729123567190
5276,0,0.333269043299059,0.892366495397720
5281,0.0652514605613094,0.558619941234611,1.15110609500756,1.27507365164135
5285,0.127806956628894,0.571991386862073,1.09733787120632
5289,0,0,0.500136697867456
5304,0,0.461280885651364,0.791189421418803
5305,0.218250407700471,0.536542455680158,1.00904574265216,1.35407611546149
5308,0,0.351474887745858,0.775412384982576
5317,0.175510625893337,0.505994549317776,1.03835701199284,1.35976557156011
5333,0.160992834902928,0.696475480829061,1.21650515182822
5349,0.101014954217478,0.561185850088696,1.12579142198471
5356,0,0.466246044446077,0.629222788588157
5361,0.322755937599089,0.613021509850910,0.851381513241885
5369,0,0,0.552149832834487
5377,0.175587720718478,0.589883323045922,0.700083120621158
5384,0.183799726696366,0.548949024094952,0.993508453960902
5393,0.0635145282330621,0.559348330356127,0.914408143724476
5405,0.0579690672492748,0.638413703029047,1.14716650301541
5413,0.280320100416632,0.524132168075544,0.851219931322987
5416,0.116652479634817,0.426945862046574,1.18751022937477
5417,0.114924068547865,0.580622499887330,1.10526260751859,1.30171094229375
5420,0,0.262038356627128,0.916052113623690
5421,0.113317271629293,0.636439880436457,1.28436202758040
5437,0.0645154019282907,0.688006640202246,1.03420213521634,1.45533231584831
5448,0.103689272573359,0.501396888140695,1.10278396877170,1.45099460659959
5449,0.0688395744411768,0.656409697053801,0.747707968592855
5452,0,0.226286092866867,0.699517032553882
5457,0.130189106997818,0.643134156110592,0.882770526549148
5461,0.137234401359486,0.629200806767598,1.02804361697651,1.48550169203068
5464,0,0.377293985977363,0.849543892704277
5465,0.176839767254956,0.572304873342058,1.05263985058723,1.27357962480632
5484,0,0.412021815615069,0.853424497485045
5493,0.167446342356258,0.579171874377537,1.06424363824869
5496,0,0.301549758013701,0.942078242264630
5501,0.176320809054220,0.755367952256362,1.05304247660960
5505,0.0553020836192186,0.708349019581200,0.917884920805849
5509,0.0614676389132897,0.697396804410484,1.08405628224996,1.37401021102077
5512,0,0,0.734128703493135,0.868318963251048
5528,0,0.541889120275419,0.719775561336770
5532,0,0.512439012146048,0.657612660167967
5545,0,0,0.406026098099872
5549,0.124273802591031,0.743913746107815,1.09513722038495
5569,0.0770072663631741,0.546648073652238,0.844838581365778
5581,0.176917079772782,0.576300867650512,1.09413572509231
5593,0.340823094525758,0.569391542654603,0.739575860722277
5596,0,0.316503200970808,0.932138002802395
5597,0.136756623906004,0.595814888496121,0.894960207368178
5608,0.118419130941067,0.581367890496538,0.778961444409878
5612,0,0.457712778974276,0.806310942213954
5613,0.266418910088804,0.659518870364352,1.17140976228634,1.48543499429448
5628,0,0.377397311309000,0.759796519813806
5633,0.113453910885562,0.578911282818089,1.06289583868843,1.35081710873106
5637,0.125074312007465,0.450122283877840,1.07889035039619
5641,0.176617025782805,0.708277972646271,0.905286321115620
5656,0,0.464315148330774,0.928691218474733,0.954004834886351
5657,0.0721041426917308,0.555590945974050,0.757293450293055
5660,0,0.377577867775816,0.640771907047788
5669,0.261776696343534,0.654583504599386,1.22575997083794
5677,0,0,0.741843584317843,0.927742451534695
5681,0.129796559188082,0.486010853694421,1.05551603674830,1.36833392457290
5685,0.213679275055171,0.656803582899767,1.06992759303264,1.47444253357475
5701,0.0932899060331548,0.648300057168892,1.08740162018020,1.47440743685056
5708,0,0.436677907070980,0.776518355618380
5713,0.190415189588901,0.477446799147081,0.798682329282636
5721,0.111336908627834,0.735462371201569,0.870182167325501
5729,0.191291061775459,0.699408331081164,1.05259251273907,1.36149176722501
5736,0.292930529086675,0.722056712571592,1.09595963897338,1.40178338679966
5745,0.291672177922457,0.622515118992860,1.01348686849451,1.31287820293180
5752,0,0.438749783525809,0.610696748860309
5757,0.0640050074526041,0.565099085792256,1.16493732513298
5765,0.104728789190173,0.492932129798596,1.10242504134235
5768,0.147288538557875,0.729455781943583,1.05036012371527,1.26338024955686
5772,0,0.165310460584698,0.706713392056657
5773,0.237451857081271,0.623961766743571,1.04800522703200,1.48898582878265
5788,0,0.477347185786486,0.645372112577975
5789,0.214861655530566,0.651196177224677,1.12672212797005
5801,0,0,0.673008790879638
5804,0,0.219044120450112,0.906329846900886
5809,0.0686958355950132,0.531504112782515,0.971860373176534
5813,0.0860317153997684,0.622073272223807,1.08952166156718
5816,0,0.266312392597105,0.914559681386647
5817,0.130803005798509,0.590918734607429,0.888333781317389
5833,0.159876810452774,0.541416263955416,0.844449469729227
5836,0,0.521635750723533,0.796605497016211
5845,0.0791867999829943,0.487913084808962,1.10658676176639,1.45165961969126
5848,0,0.371612274611330,0.661760343296903
5853,0.205838223662055,0.760392025007979,0.964741087841249
5857,0.293583648988452,0.400947605186371,0.963619851627798
5861,0.199856185154112,0.509435752696619,1.10307549562304
5864,0.130087782903427,0.749914253954410,1.06359768805524
5884,0,0.290628372341985,0.634786744305099
5889,0.128481576897798,0.538223361738737,0.990215100140058
5897,0.0659295640738230,0.478214692944519,1.03140102319313,1.34005029021589
5901,0.316077748080056,0.562975865133835,1.22459637623549,1.46327560117390
5905,0.180874958400617,0.404487505896849,1.00414481026967,1.36144782368585,1.43183447012703
5921,0.272040839373260,0.638690924995502,0.890361615350539
5933,0,0,0.482464596290220
5941,0,0,0.701321727963796
5945,0.254776281490790,0.556962724634988,0.865276078919218
5948,0,0.359532139001652,0.671394778886858
5960,0.224796514109727,0.668659309429709,0.990175468829913
5964,0,0.575182897840405,0.849301246260556
5965,0.0497520518484490,0.387863293057318,1.01535660053912
5977,0,0,0.696979938616371,0.901135516095879
5980,0,0.338101057428674,0.722860887827179
5989,0.0729804890024310,0.505795752992844,1.19449617989592
5993,0.126095023898891,0.641601569788178,0.758072821288767
6008,0,0.345570413226919,0.675649093388606
6009,0.114814851684981,0.532363014064091,1.15125211281693,1.45375623241410
6029,0.0292157018952380,0.540557934367213,1.26776741117510
6033,0.0530593158822190,0.691941638691412,1.03789776996191,1.17229915915217
6037,0.143501441639836,0.380868214650432,1.19295534835429,1.38828651922216
6053,0.108018392446351,0.707179327392115,0.960606119730535
6060,0,0.0789897182320317,0.933957490758701
6065,0.0541538005506107,0.582007490830053,1.07448593094392,1.28078619419877
6073,0.191733502655266,0.467289880719080,0.765628490433254
6077,0.0630275180288300,0.630857067697299,0.874589725364974
6081,0.374583701258310,0.690467669385759,0.996449364803693
6088,0.0968365480441189,0.568754132366531,0.965405705179946
6097,0.310619980473360,0.591485117680750,0.835676448329891
6104,0,0.462275108561077,0.616128848300131
6109,0.283589586511426,0.755087375800921,1.03103593334944,1.38323041122056
6117,0.0559913395842763,0.684722620947319,1.05408989660167
6121,0.211938864663657,0.549027023199185,0.841677970190201
6124,0,0.476380483417670,0.780998509392699
6140,0,0.427715437666336,0.818712642651730
6141,0.0324413654679446,0.551473390832275,1.04154608706157
6152,0.429954744765166,0.633120754687306,0.890024312449999
6153,0.131819014830007,0.519676656640114,0.996335278074472
6161,0.101881645931147,0.691811216707433,0.897211009465497
6168,0,0.198955333752031,0.711853198941779
6169,0,0,0.471001378396207
6185,0,0,0.713115731434358,0.912891015945494
6188,0,0.448710177010436,0.723909336023724
6197,0.0281237112354572,0.660319959427867,1.00412683170359
6205,0.0553568862338697,0.750018246534836,1.06927550471642,1.38572891929622
6209,0.239063079407876,0.579495101396211,0.830923460460959
6213,0.124722232509626,0.625470780601913,1.01397823813235,1.46038484259992
6216,0.0760376954364744,0.682176722126515,0.958632370475094
6229,0.238914968762537,0.552782300832943,1.06364229061817
6232,0,0.301432516790169,0.643333572318424
6236,0,0.541316509029679,0.796962480483117
6249,0.246925445813591,0.715805956762268,0.980746799163647
6257,0.0584883818334143,0.508605584391687,1.12307069199872,1.32187783302701
6285,0.233217590725741,0.612564979768256,1.11563075420460
6293,0.0537983388366275,0.628857361614983,1.17506055598737,1.48560466865984
6297,0.0641750621056380,0.631966154331123,0.828943636460823
6301,0.0295632014745022,0.686023733611196,1.13054619255803,1.23732333432234
6312,0.0826462582318961,0.586371140102066,1.11321889017059,1.35128951807856
6316,0,0.162977414933026,0.654935187504763
6317,0.172021621618050,0.750071100459124,1.02815753059971
6329,0.263147291528446,0.492057774911708,0.960702179116226
6332,0,0.416162006042332,0.668980887234822
6337,0,0,0.381577623913959
6341,0.0438220941195172,0.774706865668009,1.15232824271989
6360,0,0.410502387256185,0.827616999112622
6361,0.108888521388223,0.713871781830506,0.949392919904282
6364,0,0.316578548301706,0.681528917131222
6373,0.0626838405977952,0.634938282056226,1.03165891000477,1.49669623590393
6385,0.0814667039640377,0.485247400735818,0.839401760504958
6389,0.255240225849727,0.545802693227237,1.22992000346226
6405,0.159370821429880,0.699375338697007,1.08986245986074,1.46908342287283
6412,0,0.280340761885241,0.721466639241296
6429,0.128983256677663,0.690380730340607,1.05946382516200
6433,0.154477721740800,0.586308771474780,0.715624536138208
6440,0.236761243184527,0.637440997472282,0.920305051931708
6449,0.0513524125947713,0.610477173207736,1.01041882721032,1.35535647252061
6456,0,0.240659801098505,0.878106452230199
6461,0.228608489647421,0.556170076868834,1.13963847560072
6469,0.269386886656123,0.345038048252873,0.978297481931617
6472,0.112327034075645,0.610284468079954,0.697348061458771
6473,0.0512461809479760,0.633182603982387,0.967551721092003
6476,0,0.412769398566487,0.678674574397733
6477,0.133977907156308,0.527577734758723,1.10684763089172,1.48943764079478
6492,0,0.422468611521513,0.700412054614672
6493,0.264316733121923,0.489935774875172,0.907259814346674
6504,0.0746419255507789,0.637576511955852,1.16073625771459,1.30188374769945
6505,0.231723341483337,0.581697866170489,0.754294620977038
6508,0,0.129788793879503,0.812746090744408
6513,0.249145789468095,0.557588435423059,1.00054294229697,1.16403172024934
6520,0,0.185477876365337,0.900892344120691
6521,0.0758696993548394,0.373149104561140,1.07004605020748,1.31243045481112
6537,0.195279959034387,0.578161499459409,0.786475612274675
6540,0,0.379287957268757,0.824999155679413
6549,0.0245308748211639,0.872755580365049,0.915966921619311
6557,0.0562427986454864,0.561956963829789,1.24304587852274,1.43201870216286
6565,0.120116864544039,0.642049019907532,1.03984967472245
6568,0.229030746099386,0.500251781783448,0.884177170616903
6581,0.0783362945009745,0.616905205418870,1.14681122784731
6584,0,0.405776278211714,0.781220394031342
6593,0.164988424282747,0.334844658062318,1.18629325677384,1.27884188169559
6601,0.129276724522691,0.531281804423255,1.00038576045767,1.36024912628314,1.45683555139409
6605,0.211474453859551,0.530217700757777,1.18419318203058
6609,0.0980026825428446,0.301514844239348,1.01554435019132,1.44863685360110
6637,0.185883402863116,0.450875118623257,0.842581074023470
6645,0.227861350200437,0.607771989061850,0.881212512850966
6649,0,0,0.468202125485685
6652,0,0.317502661942404,0.763140935164664
6653,0.462527500780413,0.588341318437618,0.985190134911854
6668,0,0.408056927659179,0.621926568187336
6681,0,0,0.749320128946523,0.998454680639352
6684,0,0.314632997733039,0.870375060363430
6689,0.0868288240353871,0.319748137050728,1.01846931995082,1.43388220129004
6693,0.0325479983691963,0.568004345584330,0.988314115056386
6697,0.0666825829297231,0.618697626304190,0.827575811308447
6712,0,0.305977515880059,0.891095982368006
6716,0,0.169301067472878,0.962318537144311
6733,0.0331964785101317,0.543189247542663,1.13400873344234,1.42994261882470
6737,0.0907801169939750,0.766154397239891,0.977286872639532
6757,0.152298127113059,0.557266474116758,0.852669494931389
6764,0,0.264013020666022,0.741106064623698
6769,0.124876025069450,0.557283931458060,0.966417084729459
6781,0.0991900352123594,0.528943400476487,1.07153175479749
6785,0.318752739201461,0.548194295070399,0.824282116909410
6792,0.262168541762750,0.363160504074915,1.03697456855150,1.26141897923071
6801,0.0758273529279358,0.406906570299747,0.958576742025099
6808,0,0.231215178239141,0.766255103466628
6821,0.171537338104546,0.814047499262081,1.03700067550673
6824,0.117241453190355,0.770093018318248,1.13979381360990,1.31600433818074
6828,0,0.429934740464369,0.951888654481296
6829,0.210849906161777,0.721797985776367,0.872061944550148
6844,0,0.273289658018654,0.820681842736833
6856,0.199462691142025,0.459976316734301,1.16370369862540,1.35568498684002
6857,0.239714324518645,0.409308959618726,0.881398412505502
6865,0.0535693861152975,0.742201115914590,0.866934899210597
6869,0.196616953471598,0.603916428068215,0.978476280348884
6872,0,0.101049845486349,0.779056876612077
6873,0.213191545691330,0.712054659219288,0.819034788365921
6892,0,0.493761193981115,0.649577586560615,0.868043533513293
6901,0,0,0.562779899922058
6904,0,0.195894388128165,0.808089240076752
6913,0.0704937923617804,0.567269072933179,0.849690602461659
6917,0,0,0.655625252838815
6920,0.149458193017364,0.624335517306701,0.974354934405732
6933,0.0240093297721261,0.763870273181604,1.09473215834023,1.38170665790631
6940,0,0.411944194687046,0.650037358102178
6945,0.299462955489656,0.635800480312937,0.832193428476525
6953,0.129962456469080,0.508601757199345,0.919191230234030
6961,0,0,0.335009510316034
6977,0.146722302206229,0.639438177283092,0.979775581800212
6989,0.268996235822896,0.567934942157154,1.12582737042075
6997,0.190471250221415,0.511388201956228,0.969138089513477
7001,0,0,0.301897500157233
7004,0,0.352378723127841,0.791692208354028
7005,0.137210753833529,0.610059874402226,1.09074332555761
7016,0.0660159986844950,0.716986353144789,0.949429770643406
7021,0.114335656102740,0.669798906461130,0.978446950830554
7033,0.182330693979833,0.354343306712554,1.01352868030765,1.36643080589817,1.44793135573732
7036,0,0.298471213087831,0.667242871017067
7041,0.0472567399777298,0.721836713975907,0.929332454036194
7045,0.0784439564457046,0.748517351997771,1.03077320226097,1.42286916173541
7049,0,0,0.722396139886598,0.866972333669250
7064,0,0,0
7068,0,0.227130369599569,0.968106146234906
7077,0.122451763349168,0.562664708544756,1.05904271879934,1.46971943694278
7085,0.200622865639167,0.460856564992324,1.08687276421840
7089,0.0949653538116953,0.646396169919826,1.03641266603759,1.31852780834347
7093,0,0,0.391183165302207
7109,0.0836143611159969,0.559073846100914,1.05872462283305
7116,0,0.225664992621715,0.706149655742258
7121,0.296176132813259,0.520850496432954,0.936146604216286
7129,0.0623176627727508,0.534924977982811,0.945276975287089
7133,0.0531273196213887,0.584184248499434,1.21740545993213,1.37715912252231
7144,0.231224684201312,0.446692795836694,0.892837142721483
7153,0.122202949673798,0.630810164374738,0.863393010023177
7160,0,0.504772786714705,0.889869340743834
7165,0,0,0.542710858157597,0.885549179541152
7176,0.0855836103331351,0.516681137284225,1.03029831080792,1.45667535589432
7177,0,0,0.529542328424009,0.898868302199326
7180,0,0.361151250787408,0.989161729362171
7181,0.178062136809166,0.740491244571666,1.05994834519973,1.49801925811139
7196,0,0.471655370655913,0.646790275078372
7197,0.0975827201368734,0.528367340161698,1.09201160200250,1.32907195660031
7208,0.158079101034341,0.543209466133431,1.03869997388394,1.39132848764710
7212,0,0.184733559667440,0.862244612570445
7217,0.133318212937617,0.466498197387412,0.878896222835239
7221,0,0,0.392763488512588
7224,0,0.238106700934250,0.957901507926846
7241,0.0913842018740107,0.642861994294073,0.977815159009683
7244,0,0.357392989009783,0.934135714508059
7253,0.0306412556698517,0.491188662689225,1.21849408437895,1.40200145264917
7256,0,0.481779626754393,0.698000786090308
7261,0.172473895713616,0.398415903318521,1.04814495817725,1.41810517153180
7265,0.0642442176655121,0.403088934150677,1.12564677329310,1.36839899559995
7269,0.0256706950996500,0.593425041846897,1.25146047772181,1.48530211791321
7285,0.187090414211750,0.621543012941061,0.913561879569111
7288,0,0.339188637412257,0.680354793659559,0.909420693060373
7292,0,0.472363698878694,0.803058200790444
7297,0.140479073156366,0.482516279151176,0.972634410643268
7305,0.0505586520460583,0.672806091275990,1.04102323234625,1.11154818394506
7309,0.303890165724867,0.620766281495495,0.823727738431265
7313,0.265316509455176,0.432330990946858,1.01413879491408,1.32848291981588
7329,0.252103378463055,0.455184122294908,1.09337612408652,1.29058146084612
7341,0.206539006562932,0.705562436162849,1.22171599537040,1.43743741515379
7349,0.168540267023598,0.728554568795660,1.21099206974547,1.47816692634270
7356,0,0.459395006807271,0.839121510571589
7357,0.137999907165867,0.519664333095365,1.10549428539762,1.28769271173285
7368,0.0861041807869230,0.531564176232742,1.06407356117226,1.30125358578191
7372,0,0.139471526184666,0.904299093203629
7373,0.0702593559875985,0.434205640514716,1.07384596531275
7385,0.0914519479754364,0.677031656922947,1.02279664014682,1.17494304357599
7388,0,0.361658445855689,0.957394050761946
7393,0.234150866204248,0.524540129515342,0.764225937283570
7397,0.312497477323201,0.679311978397868,0.942305962924960
7401,0.310051648061520,0.524385737715158,0.895451077184249
7417,0.0954292143051918,0.373662458572040,0.877634359376852
7420,0,0.182684721867848,0.764685388344914
7429,0.246195305567046,0.429596748863108,1.00788658684536,1.41390135218805
7437,0.250587807321913,0.596394235765914,1.08818175375576
7441,0.135043173419986,0.491477309361958,1.01275637189323,1.11641950542713
7445,0.133262434795035,0.577708244744466,1.13955529643246,1.42881907243085
7468,0,0.271222174943862,0.866946458153849,0.995685938046938
7473,0.271856069607013,0.586386191841162,0.726126669472163
7481,0.248963596911236,0.596685924193790,0.965699725161930
7485,0.439975933999709,0.604413371121169,0.933127991828792
7489,0.280878841599516,0.637937196513155,0.922822847401860
7496,0.0658298930562524,0.614129771991512,1.08753444182428,1.38156642659515
7505,0.133963965807765,0.407207151990789,1.04096260352046,1.35240127748371
7512,0,0.377119989320877,0.714831285131672,0.998381559777068
7517,0.142302408326320,0.658044283216437,1.12579666350602,1.45698210800571
7528,0,0,0.665317831357912,0.934546443581923
7529,0.0646111215611303,0.437168230692099,0.945519279648308
7532,0,0.270910150150371,0.706838246596718
7548,0,0.165683033699081,0.763187172980979
7549,0.129370564733330,0.693033020230085,1.03916212052524,1.44448796810381
7561,0.138029502925750,0.543972734332800,0.837967456724758
7564,0,0.165164280571903,0.765837926250845
7573,0.427178550297749,0.563645124647980,0.795984413663068
7576,0,0.444484804396453,0.727354769545242
7577,0.127324168632859,0.442453085917701,0.930278321179009
7593,0.189824652268719,0.452101757396673,1.04612431572707,1.40320703703516
7608,0,0.353356938519748,0.688680176313878
7613,0.209555074916574,0.567084015713197,0.942600923381090
7617,0.145134056870475,0.446055231286457,0.841549379700317
7621,0.0503581397538101,0.722502346711077,0.992607328262205
7624,0.118905132000319,0.400478546657156,0.919052153967679
7637,0.0545858884839086,0.633895686479605,0.875053625938531
7640,0,0.504807658954428,0.902682759493708
7649,0,0,0.476339321033984
7657,0.167417190502874,0.371701376729966,1.03780320292764,1.21697946642307
7661,0.389962804839654,0.623821351565763,1.13440705256533
7665,0.124088883976615,0.487614531764103,1.00264932685290,1.18934687927980
7681,0.0747908410635768,0.462770085763634,0.834427975782607
7701,0.0588930331931577,0.542279808182930,1.01122136444448
7705,0.355156631542253,0.490977737147649,0.864143821156334
7708,0,0.462744540900194,0.735717573526224,0.898738737849099
7709,0.122697834961897,0.454177619633975,1.16270966563491
7720,0.163482204297634,0.667978813429696,0.854603525982426
7724,0,0.332479679586155,0.875348563158978
7737,0,0,0.555854413459703,0.786449956152274
7745,0.241016993299653,0.588803678856130,1.00057371091439,1.35732917318377
7753,0.109381583041960,0.354993416465127,0.688716590553985
7768,0,0.272934570890847,0.766562819706085
7769,0.0896132805581374,0.682201939379636,0.868744020760522
7772,0,0.126595580736927,0.848168545223896,0.985458752883804
7781,0.161301065382599,0.427916583429620,1.19664659553735,1.48480199916903
7789,0.168095362701476,0.639480225273723,0.963856513516522
7793,0.0653702794034742,0.485575290614507,0.811516601295520
7797,0.118060353750905,0.695458483855736,1.21113346085970,1.30779822008310
7813,0,0,0.642118442883041,0.820297502704649
7820,0,0.505003632378209,0.686059908718868,0.990423023204942
7833,0.128164117845928,0.535014326519535,0.802912917466165
7837,0,0,0.452288481419240
7841,0.0647693714620076,0.437468278901407,0.866863490659436
7864,0,0.333535893900245,0.840128638243125
7869,0.107322271485753,0.570438855732030,1.16560627806335,1.42657849436215
7877,0.0521039283042484,0.612152520583976,1.01443136309274,1.49290881274696
7880,0.178522316648450,0.412733631000294,1.13790339202256,1.46662089758479
7881,0.124158111381738,0.783933617059088,0.969374721519501
7885,0.336101156038458,0.559897371870527,0.894636430142148
7901,0.0664108834661930,0.615848216609102,1.32317779247918,1.45166265991123
7912,0.250143054610651,0.428690474316699,0.826400684348467
7913,0,0,0.624547206386813,0.912035955104793
7916,0,0.434067440464822,0.817850573735938
7928,0,0.330689720822302,0.652494415969172
7945,0.126106804487588,0.556305678228732,0.922932031517118
7948,0,0.269220928295235,0.661336530975345
7957,0.325202308725204,0.587875753412338,0.911261038778654
7960,0,0.463597469643421,0.567202199704009
7969,0.107562384124528,0.643322358772955,0.871533168752123
7973,0.222796692607428,0.531973291735764,1.12081667148904,1.46257005154066
7976,0.189796108018389,0.656154892385453,0.990539692846371
7989,0.0979892642429492,0.451474461190468,1.12168368933900,1.49183328620522
7996,0,0.188653510759282,0.815605662464777
8009,0.0571733367447936,0.459076331504211,1.01697737563728,1.31833808743208
8013,0,0,0.496989648711277
8017,0.129311704844205,0.565774175097647,0.933459122765472
8033,0,0,0.535357728645177,0.973968301626415
8045,0.0552942311695267,0.571680207064877,0.931588082962254
8053,0.0623685903024969,0.562617974791962,1.03375351526905,1.28593303359354
8057,0.234361174528215,0.497938235825098,0.910128915389660
8060,0,0.304525722317398,0.859966578570285
8061,0.355842013118020,0.624506526774464,0.980898146725122
8072,0,0,0.485843637937920
8076,0,0.322144013632774,0.867580881619663
8077,0.189433856144428,0.556346866630084,0.970907462441861
8089,0.0614727231036009,0.558311805717704,0.847019619422561
8097,0.193678494690545,0.469724435660798,0.890084765744526
8101,0.320102829193103,0.566971878841123,0.806800199998129
8105,0.236418142648812,0.449746303244807,1.04172085610938,1.23562159744361
8120,0,0.140903422448957,0.774154095080296
8121,0.311263616333927,0.474048040110090,1.00702804467702,1.20659794923863
8124,0,0.370571180802924,0.806274103197587
8133,0.182515044303331,0.677370780876158,0.906262772873601
8141,0.0857502258423172,0.707220598896874,1.03936909064963
8149,0.285593462634642,0.535539920837235,0.833969146978228
8165,0.100152740896835,0.800304032635187,1.04501321244023,1.45642538576125
8177,0.133851551061453,0.441817239462565,0.865517908779167
8185,0.267542492196155,0.389888984086609,0.894339914316404
8189,0.359463775025675,0.664171452020959,1.13245833455270,1.44372643322567
8193,0.338906800398501,0.565265822724809,0.930680141128150
8209,0.0758351774476150,0.371645412988844,1.08352279649606,1.20877276330555
8216,0,0.299197505697376,0.931492107239617
8221,0.235441285451699,0.466263413755016,1.07630899684698
8229,0.112761156297766,0.524236614429652,1.14785630745103,1.48888566834524
8233,0.0612753208555568,0.667847254661493,0.772638735860010
8236,0,0.245026001754733,0.549232472338650
8237,0.0288691142203711,0.483305375613853,1.08250144524393
8252,0,0.524243777161483,0.741207898817996
8264,0.0656779003184255,0.632173387470602,0.958660255797191
8265,0.0897851843469405,0.656812756692989,1.00133244590548,1.33137237712938
8268,0,0.363807584350879,0.635737246341104
8273,0.116907341380669,0.476697881273631,0.891459173314722
8277,0.177560995719860,0.621095062997946,1.07568108636703,1.47970103202645
8297,0.0515672926829692,0.604061025286674,0.888308284196322
8309,0.252813252342806,0.593384011475388,1.00881709920850
8312,0,0.178992080903056,0.783259735689354
8317,0.0688331929621329,0.506577910197230,1.01035746183570,1.31965819363377
8321,0,0,0.649171543342458,0.988217260817010
8328,0.0721717718704080,0.642065142193831,0.921425829061916
8341,0.0582419093647752,0.697189681446967,0.794047509096695
8344,0,0.271901632800084,0.852907364515479
8348,0,0.312468131274833,0.632857118010923
8353,0.240422006938748,0.480728565880545,0.774487490819132
8365,0.266109695020884,0.378888342920421,0.932790606274243
8369,0.198118582046125,0.576296214081511,0.912956636312806
8385,0.127037611120907,0.409039492837226,1.06001135841035,1.44371735489790
8409,0.114007112344054,0.528579878095600,0.891281402111111
8412,0,0.237628683153576,0.871027385827537
8413,0.287384494795425,0.549655468935131,0.778645641278356
8429,0.179749447459180,0.569195676936639,1.05699173328784,1.42584038797440
8441,0.131658540279821,0.578639623104299,1.06881270389457,1.34589759498490
8444,0,0.255156284502562,0.627060870631555
8449,0,0,0.615196269033813,0.905070737336110
8453,0.174200806570137,0.528146014726507,0.950092461263226
8457,0.194491998820977,0.520564873843994,0.865332281513967
8472,0,0.421906861226734,0.808387865833436
8473,0.0555114248576576,0.585170630879562,1.02971471211174,1.11375357892580,1.45777307360391
8476,0,0.518322600395844,0.722402813964134
8485,0.0622271154913890,0.573079998631587,0.907662297231227
8493,0,0,0.628263538409921,0.972759258193454
8497,0.157147030067866,0.400959055133093,0.923811950782824
8501,0.330241924171351,0.660686088189400,1.12511176501313,1.44977190360288
8517,0.159475410384202,0.618381562200633,0.935848535882783
8524,0,0.421884147531301,0.737402765726477
8529,0.0903870511159898,0.585110002484863,1.09122585428029,1.36201033787604
8537,0.0585316060384252,0.489050379277330,0.874053727726017
8545,0.272707884842941,0.643021354674274,0.888858821202060
8552,0,0,0.573874885790566,0.899406791264802
8561,0,0,0.535972064063469,0.964234821363051
8573,0.0560633876699952,0.480160205349532,1.13010215219752
8581,0.0689798936271710,0.790716865694824,0.986203339343964
8584,0.387014561014917,0.555959863420071,0.787478872934358
8585,0.111992089282956,0.449652947607715,1.05113496186334,1.23065319393246
8588,0,0.524031980193643,0.721988390401099
8589,0.282123084976668,0.723576914692463,0.937201324234586
8605,0.0277014065428702,0.638801459427616,1.05237751907028,1.20996343356262
8616,0.176156146982249,0.743610122509228,0.993507472071871
8617,0.147328416911952,0.477322283193948,0.841286027112171
8620,0,0.422902770500504,0.799425956097279
8629,0.313900869549062,0.560028291330269,1.13285606813357,1.30290862400768
8632,0,0.340584041399315,0.581515641732454
8633,0.180440932330945,0.476004223917975,0.884562823703048
8652,0,0.292828513661596,0.606124276676500
8661,0.0261464667379423,0.546608045625573,1.19968980662579,1.36997998339381
8669,0.0430239808729396,0.645609736712379,1.09796413974132
8677,0.216838855692517,0.544126343683654,0.822311237738167
8680,0.0719033591386444,0.694459907942426,0.958355964478857
8693,0.277280237154336,0.484395199857080,1.21007026740203,1.48555589000439
8696,0,0.396432811819771,0.769764585788219
8705,0.0536961132864155,0.576479986807510,0.793438955895003
8713,0.179662022490552,0.557602033383612,0.885212643481519
8717,0.116751805378384,0.365594006915699,0.960501421781620
8737,0.147044812591294,0.466707712017547,0.864239533307912
8749,0.0511724797929126,0.609342053195115,1.16090389926794,1.29597317066962
8761,0.176786571280321,0.547924587116396,0.925460265363437
8764,0,0.123105341468720,0.741061753289207
8765,0.152533917786594,0.564197200136837,1.03480603913125
8776,0.159344914991361,0.518380440645803,1.08032248283064,1.36063236870684
8780,0,0.282884572815044,0.755843663088400
8781,0.200054283737513,0.570573175666659,1.13269415047853,1.46027549914197
8796,0,0.238874350162357,0.823425531620473
8801,0.191812126237936,0.595514296732097,0.958260585976994
8805,0.0876080813587263,0.666988286343784,1.24754903925207,1.41339387196441
8809,0.158295665485889,0.625429675723514,0.960856983722004
8824,0,0.344784085172302,0.594547857901339
8828,0,0.333220032358509,0.685669830861468
8837,0.0602503991269902,0.763160535118915,1.11573103122659,1.28711718834525
8845,0.193449901802851,0.578380763747774,0.870031057397756
8849,0,0,0.651654437446241,0.902791387714828
8853,0.258056240600846,0.619560260285877,1.00386429735962,1.41750510027700
8876,0,0.370622451965063,0.780293478202402
8881,0.140167916080077,0.404875690527562,0.955941514282116
8889,0.0447278332865722,0.594308613593411,1.05480030349030,1.25359350357463
8893,0.0658752743314002,0.463365615506561,1.07568886375713
8897,0.110459260392041,0.504225533836009,0.983904983637300
8904,0.264233352379585,0.642013037251353,1.05055751508888,1.22928747801448
8913,0.0803798512621740,0.345251177668187,0.988990127214802
8920,0,0.295129424775354,0.695581592815480,0.983439426791360
8933,0.148831399512875,0.518977674450307,0.899053930450930
8936,0.0781756167627116,0.463519674961688,1.12258892984937,1.25578558771966
8940,0,0.204033988338531,0.773241033053648
8941,0.0332204551549728,0.452526524600928,1.11844056983640,1.36444427785450
8956,0,0.300446226706583,0.832452571985779
8968,0.108381773931496,0.460071901215258,0.839634587205917
8969,0.0470784932042970,0.560223884666720,0.944376959014312
8972,0,0.351319064737373,0.679867272490321
8977,0.164906377543210,0.360895638537013,1.02416601466747,1.10727539089041
8981,0.131705247877210,0.723471412493879,0.874239359931136
8984,0,0.417974176687872,0.860430545421212
8985,0.123438803423462,0.503278422060046,0.823008380396650
9001,0.0582893706517445,0.536016280831492,0.862648279318390
9004,0,0.349236029987652,0.601802627599694
9013,0.0293467994398576,0.626038934991008,0.926448045812518
9021,0.0581103233937606,0.855169591761291,0.971550980183088
9029,0.211502758458484,0.571618510264570,1.06998872590464
9032,0.207696337006424,0.712412199236920,0.779389812607436
9048,0,0.365697096722553,0.656925156067577
9052,0,0.227503027273472,0.695860129334698
9057,0.0497857346874191,0.571504521502826,0.930089044297576
9069,0.0265075391926695,0.601215708739931,0.883655327813895
9073,0.123953680524909,0.633312019188012,0.741570067048917
9089,0.295354912889386,0.586498822739287,0.801694203249848
9101,0.0424084888031073,0.687417246434940,1.01222125811527
9109,0.0272380790033521,0.628621958073528,0.916079131276457
9113,0,0,0.497021749176077
9116,0,0.251752106708780,0.798571877102975
9128,0.143406768967273,0.581654366625796,0.956661758723321
9132,0,0.346809765586033,0.714991727898363
9133,0.122864424098159,0.367556009393885,1.04202936667315,1.43738228201094
9145,0.0600963910708493,0.528882060158789,0.858326902157328
9148,0,0.159146891946035,0.846243859183397
9157,0.110227826309420,0.512496291028898,0.782991963699138
9161,0.176312520968458,0.554268951291619,1.01914413522363,1.41844717601873
9176,0,0.370631485188081,0.640534455332208
9177,0.307593802583042,0.669066023256699,0.807037818325331
9197,0.0483651737419007,0.582802067669704,1.01107055981518
9201,0.210743986127526,0.669028424262274,1.05658042337323,1.16173444250792
9205,0.125524540555269,0.486065575713839,1.08582219766969,1.36585268878861
9221,0.324397737312669,0.574359134187356,1.00908668101809
9228,0,0.206161842468658,0.670043949447784
9233,0.124751867969716,0.396203447276079,1.01746599309843,1.31338869650234
9241,0.0700224197046076,0.477411948972915,0.754030820788630
9249,0.182874127066418,0.487841962324297,0.820260567869223
9256,0.0890997483807713,0.500222114697332,0.924319433145386
9265,0.126302466483029,0.571083511728891,0.723555700725163
9272,0,0.310086156409982,0.783551906354820
9277,0.0299279252570832,0.665753249733145,0.848585455370827
9285,0.191259172349378,0.711151392127740,1.08689311791634,1.45752455835838
9289,0.265025665569912,0.543856210209608,0.692015330853948
9292,0,0.461068802741207,0.720366403496220,0.988331864098828
9293,0.131618273567025,0.420431089194164,1.00355510911647
9308,0,0.300308331497101,0.801235161191355
9309,0.248291463093518,0.719863351165192,1.13328088000442,1.34756395368888
9320,0.359586920942415,0.729162948211836,0.952484240385846
9321,0,0,0.581663583499682,0.902891798294398
9329,0.0991609959791606,0.494631099015172,0.940511496843858
9336,0,0.469189996888630,0.785976254106168
9337,0.0598678640432422,0.523478607770594,0.867882002376562
9353,0,0,0.419979022499376
9356,0,0.320207531741415,0.834044514570321
9365,0.0891520422340822,0.631272168412620,0.995522799387909
9368,0,0.299640036028447,0.481160155601238
9373,0.150194525922448,0.411321924348627,1.02898752236000,1.38759658309076
9377,0.258443006453130,0.422383613231765,0.884684912508347
9381,0,0,0.621389619555797
9384,0.0859396906772773,0.454992980490261,0.931947791739467
9397,0.0322948143332355,0.499381363000562,0.929826825784417
9404,0,0.357069682158843,0.745593665456749
9417,0,0,0.442706151113877
9421,0.0908640865822811,0.729842926098936,0.963281414152237
9453,0.169252523585910,0.396902954241166,1.10481557807281
9461,0.328406243802743,0.388563007796487,1.13895209446737,1.45453338015422
9465,0.272655989076448,0.544246493716754,0.922919683643935
9469,0.240472294133753,0.508949243837678,0.996870136209062
9480,0.338964488142839,0.489708915407870,0.953773206229486
9484,0,0.170156895822392,0.763320421918431
9485,0.115629202293113,0.441657777037922,1.10118545429119,1.49970774704507
9497,0.139629245812155,0.652615675197860,0.798917388946596
9505,0.173496483501995,0.581540862420332,0.792298738893440
9509,0.0941878309756770,0.510417708088692,1.30347923271439,1.42486192156011
9528,0,0.425948347360978,0.611455677117591
9529,0.140692763072912,0.447718686136655,0.800557139578802
9532,0,0.243265834801146,0.851827152086416
9541,0.103617326663188,0.624517595990662,0.950542085994380
9553,0,0,0.424363919501055
9557,0,0,0.628860349196590,0.822119181406148
9573,0.263484639701755,0.476774524000201,0.952750613446668
9580,0,0.462210035980794,0.671208410613093
9593,0.188734778077728,0.537836454828422,1.03773386162779,1.19453057580859
9597,0.202520230491064,0.595105384695480,1.03526805504776,1.42525556531735
9601,0.0676478033383734,0.506749902722566,0.723779521791157
9608,0.0699807717630589,0.571464151141096,0.913322250630073
9617,0.0875485327728538,0.592959374881674,0.992861004348219
9624,0,0.480203569710703,0.894211953040639
9629,0.142072859235072,0.771057652471988,0.906857739805329
9637,0.105882545738351,0.698229527247399,0.809337196584056
9640,0,0,0.245674050051351
9641,0.102431108598203,0.533613919932282,0.872996244904501
9644,0,0.394345706396573,0.757551714774934
9645,0.0207721028940168,0.672198125952814,1.18349590734294
9660,0,0.422541256011301,0.898211613092835
9661,0.0957677562380883,0.479945812711824,1.04611413577608,1.25993182438523
9672,0.0693901520566094,0.580235816391824,0.971306861103437
9673,0,0,0.652546671382396,0.829152190978155
9676,0,0.226936214371335,0.733113428691348
9681,0.0917150297847180,0.580881258684223,0.964277438258715
9685,0,0,0.641407394900797,0.835113267875729
9688,0,0.242952652508262,0.746031026355699
9689,0.0569877954561202,0.408314908163268,1.03833672520752,1.28216216392287
9705,0.0462873736436141,0.597029370630075,1.00362022059303,1.12642745125971
9708,0,0.335571428090464,0.782456048967539
9717,0.104311540427913,0.716403714154000,0.771350342821261
9733,0.0844558798209830,0.556106418359575,1.02109273636082,1.31344794967444
9736,0.123717392422207,0.733177224005634,0.967520984569656
9749,0.186531675147448,0.502752403455376,1.32841036411051
9752,0,0.165811408056288,0.769752239639632
9761,0.0898935956322045,0.527298860752072,1.05463690715721,1.21741614544487
9769,0.185206818596297,0.589986747416175,0.698784935603974
9773,0.0901293746422036,0.756071219947951,0.826126180386719
9777,0.366700151481138,0.493693923307151,0.787840623924023
9793,0.115095079968052,0.569789990840913,0.862774673141973
9805,0,0,0.686753217032225
9813,0.126599328500512,0.604851805426179,0.915612630865046
9817,0,0,0.333138183125677
9820,0,0.305144134077576,0.767724491844093,0.975051156738383
9821,0.0455558493102294,0.553881045645939,1.12854991097189,1.48763659105666
9832,0.289113255087398,0.491397727394954,0.904511518762889
9836,0,0.334051026864128,0.699232093357714
9852,0,0.314456290750991,0.749711591771510
9857,0.0485283037495173,0.593461626837382,0.870138588006454
9861,0.0521296246056311,0.479357127370394,1.19821006408920,1.48825364385787
9865,0.0721097886334534,0.416868845667351,0.966818851668029
9880,0,0.333782709530698,0.734499771436183
9881,0.0884257874876386,0.640200114955558,0.827058667731756
9884,0,0.392111579141277,0.835863263474953
9893,0.312056636762530,0.483315357366778,0.857061953564213
9901,0.122085198220887,0.453072249314545,1.14841327398614,1.32533633706240
9905,0,0,0.573516380226310
9932,0,0.282268048756867,0.765096663358663
9937,0,0,0.324196832791258
9949,0.0606897994719687,0.485620485172758,1.04368376267754,1.35729266883434
9953,0.219263366096462,0.484513047186216,0.864211148907348
9960,0.126391081362155,0.643115436314311,0.980032594643623
