8,0,2.34256559818965,3.21061399039482
12,1.00859600183935,2.23405840566606,3.65854567503247
13,0,1.98576135654663,3.11506443817380
17,0,1.35872004735314,2.23424739606739
21,0,1.87316747898306,2.58331042621701
29,0,1.67480393474156,2.57349767368820
40,0,1.12915794459905,1.80573857298710
41,0,1.02574592709347,2.04157827948360,2.34752016888708
56,0.684196428698019,1.49733172832763,2.30747219091521
57,0,0.622604080184512,1.78787687456595
60,0.322658483575180,1.47396545601603,2.22901314573717
61,0,1.16014008983661,2.00570631269277
65,0,0.778406516869863,1.64176653399576
73,0,0.599334663688071,1.56807391045021
85,0,0.708482048641554,2.13080330824940,2.47213473405432
92,0.239636804667452,1.45937565887770,1.87111490701200
101,0,1.16214191937102,1.92807305864416
105,0,0.744288575938478,1.54426199028944,1.86600616712838
109,0,0.719223160390635,1.88098829179924
124,0.221141727116147,1.31247755265715,1.76825590658675
129,0,0.869833765469103,1.47031288954282
145,0,0.592737011340405,1.24447351335074
149,0,0.761568613015301,1.98918368625144
152,0.368247741577464,1.36678453507501,1.63829924412855
161,0,0.563266464722432,1.48463036256639
173,0,0.882427057440731,1.74714385947514
188,0.351811891157291,1.06172833600456,2.03238766589553,2.15952934163306
193,0,0.415358697245591,1.10009430260056
197,0,0.551100554059944,1.86797672118734
205,0,0.679788323708300,1.39679912342036
217,0,0.698592094620378,0.927448481372883
233,0,0.664312026052821,1.08337762597459
236,0.134949836913176,1.30261190855043,1.68635792203274
237,0,0.781591656684060,1.57977387705069
241,0,0.520252800211348,1.22110878365264
249,0,0.737715217685193,0.975929985924411
268,0.194709055744935,0.790814175413351,1.53798350035624
277,0,0.506946187400193,1.39363060846394
280,0.372312458203750,0.817894116710555,1.54088055535009
281,0,0.419254392260211,1.28419990581991
284,0.493116648310702,0.825718835461852,1.80964993117355
285,0,0.798093927526379,1.50525441112817
293,0,0.621429303855486,1.61987067491701
296,0,0.658432837544846,1.36157122468972
305,0,0.262439082061859,1.29770176194036
312,0.320213506741475,0.855198063056946,1.66333279977090,1.97460055304679
321,0,0.691239390608564,1.24056039750596
329,0,0.635199348693856,1.27974277552398
337,0,0.363943689121223,1.14620247260198,1.48871088828727
344,0,0,0.946224773417680
349,0,0.553549981409205,1.46480644588549
364,0,0,0.985232161002361
365,0,0.564461362954100,1.55965855312134
373,0,0.542586723103483,1.18208557481431
381,0,0.902284054081996,1.30590487884574
393,0,0.461461014256333,1.09003465454243
408,0.298209270632120,0.759815712134698,1.55177238681096
409,0,0.291016894444540,1.22551696577780
412,0.277779518900055,0.916107848590704,1.42372432734108
413,0,0.731457012997867,1.27379645053653
417,0,0.497326210267196,1.06300108795246
424,0,0.467721833015675,1.04885146640386
437,0,0.562851795959924,1.44858267943479
444,0.352146876640622,0.965103909131362,1.52172083013469
453,0,0.525864857510197,1.50505420396790,1.79175683910067
457,0,0.412731893479602,0.808343279954844
460,0.129959614204200,0.854859698722656,1.50739342730642,1.90994862908602
461,0,0.523015264926785,1.74756031416748,1.94179292392634
469,0,0.684225902546043,1.18929182786282
476,0,0,0.975768801183104
481,0,0.720341030670919,0.882584139591115
497,0,0.638928768108897,0.924788758527164
501,0,0.464663679418339,1.38005099582504
505,0,0.259681281954542,1.19149811853076,1.27615693824351
541,0,0.361960662357634,1.28484794010022
545,0,0.720012220824320,0.995434721588229
552,0,0.629207987452087,1.00997670255783
557,0,0.263037190483763,1.38520275384253
569,0,0.372040522369052,1.16072880125449
589,0,0.591076126379302,1.15121341076592
593,0,0.444895885880424,1.03340356049618
601,0,0.652441563897810,0.976260073088589
613,0,0.243005803307415,1.11596257825527
620,0.0937690750440904,0.980654360692304,1.33865269308942
629,0,0.597923958048805,1.40589642227256
632,0,0,0.818572055582115
633,0,0.393732504112589,1.20500739173781,1.47193543714853
636,0.372395340647503,1.09086158309483,1.33676502827908
645,0,0.510710213623212,1.14485892068154
652,0,0,0.709560891399965
664,0,0,0.962409186282990
673,0,0.521646817952409,0.757911855653890
677,0,0.559992505099238,1.43058361249806
681,0,0.190233552952212,1.07958954487188
689,0,0.412693033983107,1.24159405381807
696,0,0,1.04024846553215,1.32175449938011
701,0,0.474053483480259,1.46834372539566
712,0,0.578466272539802,0.972050655452583
716,0.0858729086868226,0.942263500511333,1.38356437121193
717,0,0.587320866034702,1.14139205175618
721,0,0.480405853593750,0.969589293622835
733,0,0.516343546442410,1.02305282440663
744,0,0.577691586685374,1.07221923373698
745,0,0.520715453933469,1.12808999039949,1.25328079253162
760,0.236940013716079,0.744614639027755,1.17723903084972
761,0,0.432788765777095,1.05120190625659
764,0.258787803253983,0.926412939966940,1.32526252068213
769,0,0.445931822056323,0.925657314009170
776,0,0.751718565694780,1.13675492324210
777,0,0.520079716441015,1.07150710473523,1.31535946223893
789,0,0.754352976014741,1.20630482239464
796,0.428047271961769,0.768248517964959,1.38140095435972
805,0,0.632928039185604,1.00662655074481
809,0,0.495146471840969,0.976922160005061
812,0.209816564980303,0.637305429191166,1.60398872021782,1.82160750719668
813,0,0.546437730217933,0.998077568328813
821,0,0.280526289842014,1.42220841588739
849,0,0.453772882899957,1.08135176609592,1.34715251264398
853,0,0.430238901508541,1.09751724433313
856,0.224416058729043,0.682753955653519,1.28170062702820
857,0,0.428454409755104,1.10856724509881
865,0,0.388124792805230,0.778358030046696
877,0,0.172216125796330,1.10271451823413
892,0.111240594958430,0.654239801047278,1.33557068184805
893,0,0.496787316103412,1.10296374885582
897,0,0.410217610328567,0.830104530415477
901,0,0.638073666385316,1.07393020904693
904,0,0.399306092342719,0.950471301151825
921,0,0.355896317219006,1.04260915330705,1.36124883194788
937,0,0.538467880737454,0.950373031712897
940,0.481442506373350,0.677085550579996,1.14146766070997
941,0,0.435018632315341,1.45412917705720
953,0,0.230826297018316,0.999341426447704
965,0,0.749409779606112,1.06045171487787
984,0.168771536358677,0.793468320976587,1.38794254844580
985,0,0.449911629846012,0.976838881753472
988,0.235928717484079,0.632020901311729,1.14310797284930
989,0,0.684341552710155,1.02564640945176
997,0,0.532716288461274,1.09366020495819
1004,0.400663006502940,0.775599661941103,1.50958540555318,1.85084303417238
1009,0,0.244227770267231,0.886613691887615
1016,0.184278650462089,0.619872418356972,1.59632371760768,1.76468431451071
1033,0,0.425538420231307,0.659566952093691
1041,0,0.577807330597683,0.994638338893572
1048,0.193160650723776,0.762682742180954,1.14467903756639
1064,0,0.453930085760423,1.09541555418154
1068,0.0905898967912371,0.743331472308220,1.21094214496553
1069,0,0.483197422083184,1.23201908040104
1073,0,0.365386509992682,0.790191596478604
1077,0,0.463702998232495,1.14223745114539
1085,0,0.522477899165444,1.07752828250594
1096,0,0.216313250586544,1.13472106475483,1.47636621352332
1097,0,0.398730355237682,0.859322811443201
1112,0.161523875958167,0.707291571339048,1.47369029647236
1113,0,0.564870368967794,0.743812419985893
1117,0,0.606471774502011,0.817766910617876
1121,0,0.457982744014437,1.02941983286080,1.33392200822156
1128,0,0.239075400449216,1.14712451658328
1129,0,0.210710796464774,0.868746022609127
1141,0,0.517969658087674,1.06189018592102
1148,0.146619744552169,0.853906857830567,1.27740484997352
1157,0,0.334681384578930,1.11997049248854
1164,0.276546604541147,0.642413586966753,1.30145581172631
1165,0,0.418794566114620,1.06864911923947
1173,0,0.383449795279277,1.11929649074755
1180,0.275055677840186,0.805051270862933,1.07293521673084
1185,0,0.301778316167365,0.932416943441979
1201,0,0.299142255547770,0.835221850374830
1205,0,0.381824893637026,1.18359737333992
1208,0,0,0.708185508945467
1209,0,0.415934910942891,1.10504683837083,1.35174528053792
1217,0,0.468915040272206,0.956347824491759
1229,0,0.436784019903720,1.08574987315989
1244,0.249013527353983,0.982072543067718,1.29135147841760
1245,0,0.583364195108681,1.21661435853211
1249,0,0.520119949311363,0.949375214695584
1253,0,0.195227909358778,1.21263120262229
1256,0,0.586783079280899,0.947102515031342
1261,0,0.221629954742029,1.15940252295324
1273,0,0.289219135131349,1.08312597915753,1.20185500647508
1289,0,0.218749763109955,0.966454890239554
1292,0.195220101654559,0.524017315250154,1.41441457145698
1293,0,0.550490835900840,0.938661061186887
1297,0,0.310370551895742,0.965897549795068
1317,0,0.550298174660505,0.886249183133935
1324,0.326181158803850,0.564220613762525,1.09833271092129
1333,0,0.531311364116215,0.869987592478172
1336,0.144465438963573,0.869605981020687,1.28338432292217
1337,0,0.442544264326063,0.796920358044514
1340,0.324563070472924,0.913646076962829,1.24003884834072
1349,0,0.514553751820918,1.42674743525400
1356,0.0621545743396644,0.951697353158037,1.34847917237546
1361,0,0.376668840265647,1.17041921026869,1.41715063404588
1381,0,0.571765538381272,0.850317537133277
1385,0,0.271564312088160,0.962300295077027
1393,0,0,0
1405,0,0.707173952820639,0.906701777383584
1416,0,0.698939050036404,0.773509728964814
1420,0.225108741750464,0.900785924753243,1.04817479042546
1429,0,0.343233186174790,1.01953942534571
1437,0,0.348571210997806,0.922671344843385
1448,0,0.377245835037349,1.03003177601678
1464,0.311620645044315,0.746038991239594,1.10298885376508
1465,0,0.566807374475040,0.877644302059187
1468,0.0780696077563910,0.742046900329565,1.31165926029393,1.48520401554399
1469,0,0.616130411769451,1.08223208022710
1473,0,0.627095123988285,0.882032574602628
1480,0,0.213074993542687,1.07404566165111,1.33405819939294
1481,0,0.600306298075809,0.688235248291578
1493,0,0.369619216519570,0.976612069635614
1509,0,0.338007278369634,1.18771311834393
1513,0,0.292502294211864,0.841644845216843
1516,0.0810384481846126,0.732890457819620,1.10170748765229
1517,0,0.477238914461822,1.09556057626521
1532,0.0665081599742107,0.770474808580504,1.19197936664280
1537,0,0.459076433005337,0.779739856924576
1553,0,0.226070659572562,0.998524241168470
1560,0.508668654896440,0.635775233779036,1.20402952617811
1561,0,0.393845123733269,0.963144203953491
1569,0,0.614136511526188,0.804126846318663
1581,0,0.412886017028974,1.23210776897998
1596,0.126207240865634,0.825889679244829,1.27327529888670
1597,0,0.242300152626711,0.850416639890167
1601,0,0.390275394816099,0.997697942225428
1605,0,0.304944597903444,1.06667082730157
1608,0,0.510602165765500,0.967239869314240
1613,0,0.582864242549672,1.00922277290643
1641,0,0.408233301553216,1.04702836836672,1.33327795790920
1644,0.344238825398088,0.737463569875076,1.23907713892825
1645,0,0.259732184234150,0.971436375601241
1649,0,0.325855880836796,0.772933727235074
1657,0,0.364451568845088,0.816919940462369
1669,0,0.581657534676978,0.844203818661450
1676,0,0,1.00733164934533,1.30870661922943
1685,0,0.171861155097148,1.28673232544463
1688,0.344092098352474,0.570136181408125,1.11540374133532
1689,0,0.334678386492718,0.972527277223269
1693,0,0.633816409733799,0.918411571481664
1704,0,0.455267841131444,1.17120797914157,1.39217360971048
1708,0.212996415450271,0.474800405397462,1.22425110768043
1713,0,0.592428417476329,0.818045573497642
1720,0.301762483690164,0.713158733304825,1.20695756905918
1729,0,0.424185179460605,0.782778646390584
1733,0,0.546209979435477,0.834797914185500
1745,0,0.398992760197263,0.937354811552845
1752,0.142951722514410,0.708214729122922,1.25331608818399,1.46301815281316
1757,0,0.420448524649541,0.945875458426906
1768,0,0.502554629375245,0.657061699922713
1772,0.206500304446257,0.713105467688745,1.10798815553527
1777,0,0.275398897788427,0.951508039090268
1781,0,0.528390909543969,1.09498995219425
1789,0,0.350072108580624,0.860314995967214
1801,0,0.413334675451752,0.608805990566121
1816,0.443718274062317,0.760833120399424,1.08792766682468
1817,0,0.406351586571173,0.817270713846108
1820,0.281757469142165,0.615470481082273,1.31912065002411
1821,0,0.423944034841650,1.03556693814045
1832,0,0.387560759254336,1.09139067651515,1.38902160494556
1833,0,0.533425550994183,0.905632271647153
1852,0.310079364628350,0.574158738545610,0.865054723659406
1861,0,0.386842292661270,1.02735389986733
1865,0,0.429562669309311,0.848797705918948
1868,0.0574002220723817,0.783993095930568,1.28702200074480
1869,0,0.539150623400343,1.15919219431832,1.36644659292509
1877,0,0.322342223458623,0.917441924839996
1884,0.0619115812845681,0.739292861467969,1.35492463626475
1889,0,0.534093614709043,0.835035424109460
1905,0,0.450607134706488,0.836183470887267
1909,0,0.218812779918023,2.05193186724423,2.24371072316879
1912,0,0,0.593865198371587
1913,0,0.453338519263525,0.579793993092503
1921,0,0.352357400432541,0.977655502015590
1933,0,0.415133082808172,0.897399574716558
1948,0.0958732908026061,0.518682483014386,1.07706224609133
1949,0,0.597829618229413,1.04824860163016
1957,0,0.416202109310380,0.726208265763719
1965,0,0.460708019060413,1.06969942135211
1977,0,0.471815505535745,0.913339940838963
1993,0,0.341381299193548,0.870587068953710
1996,0,0,0.628114706242709
1997,0,0.328615109016952,0.860601231262489
2001,0,0.444639191899821,0.984236497726148
2021,0,0.295077724106961,1.20922329884237
2037,0,0.503441309565049,0.947095872029026
2040,0.106169856934072,0.953865411023031,1.16365343876849,1.49117442779180
2041,0,0.341905917859473,0.703382992143710
2044,0.130061401395155,0.794010241760788,1.04908136628630
2045,0,0.492042678863893,0.932834951978647
2053,0,0.387027854738499,0.931519676715956
2056,0,0.368234906776609,0.931578719294288
2060,0.283570866443992,0.599622344487865,1.15640980962714
2065,0,0.383413225509705,0.779050760395456
2072,0.129954888557413,0.675248515250390,1.08073031268837
2081,0,0.438687700695816,0.886790002310624
2085,0,0.481459013374802,1.09221157730874,1.42526248074323
2089,0,0.425945696700742,0.863590352531262
2104,0.183824341191229,0.480431714024968,1.18585003080392
2109,0,0.353354876120242,1.11710377284796
2120,0,0.626439602749640,0.873819985836026
2129,0,0.401724236419348,0.854082359983271
2141,0,0.464119786739180,1.19672786493710
2152,0,0.435259047234018,0.751328154353514
2153,0,0.353793609386202,0.753323425838945
2168,0.110508045261065,0.757693127136092,1.19104770856478
2172,0.196362239466534,0.740553844563112,1.03217095047006
2173,0,0.249728668385032,0.949797558395380
2177,0,0.261929285370055,0.816594461060310
2184,0,0.500144931436144,0.972629150627131
2185,0,0.267821759643077,0.808759169384545
2204,0.105287954486727,0.739452650784476,1.29127163802335
2213,0,0.210458340609577,1.19227834657430,1.36573712725630
2217,0,0.335948930194723,0.894251324326883
2220,0.341287776416852,0.641908738179968,1.21834827289199
2221,0,0.496871547155946,0.795713754100783
2229,0,0.531815963261242,0.955752115798828
2236,0.118196832649369,0.833550962006870,1.09322901686434,1.45900458221899
2257,0,0.373225046499453,0.785779520756689
2261,0,0.551798760245517,0.971977919490436
2264,0.204957594226380,0.798401894908570,1.19081917852614
2265,0,0.363339198957055,0.987744822049023
2273,0,0.401256607184928,0.837107065531691
2285,0,0.380351900046173,1.28635425360295,1.46861255665861
2301,0,0.474141205123548,1.12497770077376
2305,0,0.527599187026553,0.824001532402445,0.974445020087158
2309,0,0.564900866417469,0.908867222863611
2317,0,0.413445934443358,0.853667731095829
2329,0,0.201847464245736,0.946532837457335
2345,0,0.284811562669730,0.874301947971136
2348,0.122008428828737,0.625754918051035,1.18132344729076
2353,0,0.242655302051187,0.826975333438889
2361,0,0.453835395907817,0.689083351057291
2373,0,0.287779088511584,0.936821157832611
2380,0,0,0.727684482212804
2389,0,0.415833839500372,0.903214890283942
2392,0.129384412664975,0.710640096126950,1.19952309136144,1.32504896835222
2393,0,0.403958223194686,0.937396781377216
2396,0.110658335781961,0.671477478538369,1.31376455288407
2397,0,0.406934750432849,1.02476784358790,1.41079825546031
2405,0,0.501150000162218,0.840606559007457
2408,0,0.450424417229760,0.909269827252089
2417,0,0.319400715699628,0.763008647434458
2424,0.123067885568815,0.672049952772437,1.08793464373869
2433,0,0.130874381376774,0.822762859004952
2437,0,0.293389100165488,0.783940639178952
2441,0,0.574551869255201,0.829656910917591
2449,0,0.251325883391023,0.850533943931076
2456,0.290471038286542,0.871259025566493,1.08606392966696
2461,0,0.292140591186559,0.910874209514286
2472,0,0.430658916593675,0.713654106915432
2476,0.0605413215167195,0.723557813333446,1.07839323207543
2477,0,0.414238583711013,0.958472627737186
2481,0,0.421229472207622,0.896413951630794
2485,0,0.388982822133134,0.838713113391084
2504,0,0.288296736789651,1.09203138457696,1.43895138658253
2505,0,0.535985299143197,0.972452377572397
2521,0,0.234069924890283,0.955294101001360
2524,0.0848150716790930,0.463660280157170,1.24123728871727,1.41463813755315
2536,0,0.542145114243822,0.796039583344825
2537,0,0.383874400949297,0.711762654858170
2549,0,0.499462296287613,0.993706748467070
2569,0,0.238596237935699,0.744821370932619
2572,0.235215437219412,0.534331275196127,1.09298395710325
2573,0,0.332969551693021,0.942599905951976
2581,0,0.520277750154160,0.798021235261739
2588,0.164567354939890,0.650976466498629,1.31439932774596
2593,0,0.139680337596042,0.830010618853116
2609,0,0.631268750202030,0.814459061839244
2613,0,0.486090807476255,0.840688565861460
2616,0,0,0.804501166719217
2617,0,0.470819221119563,0.754208573999841
2652,0.107493603137170,0.781730598654897,1.06498157300077
2653,0,0.600498638714690,0.736337685593842
2657,0,0.212589555739087,0.759265726866573
2661,0,0.326780021686429,0.996629986773550
2669,0,0.449265012052351,0.924940963120273
2681,0,0.336473847504052,0.969597900235296
2697,0,0.195478984173160,0.769760004893450
2701,0,0.337088138217872,1.13330342345904,1.36903406039399
2705,0,0.514977804396801,0.800030887164657
2713,0,0.351124710652605,0.863826118555976
2732,0.121281871189438,0.631217353409504,1.04844359038923
2741,0,0.322639661872043,0.890046618768595
2748,0.0614068139822451,0.685163298728390,1.00131886137043
2749,0,0.304053610935934,0.954698585933546
2757,0,0.429852885226277,1.00821108537279
2760,0,0.576397388225522,0.950845098082836
2764,0.315066085854409,0.677182302845706,1.05069148238129,1.47868546765573
2769,0,0.180565241189836,0.870505363096213
2776,0.142953653888071,0.567003385887704,1.07095414230764,1.48272419700472
2785,0,0.424992896305623,0.878031928102948
2789,0,0.303987762991478,1.04760951240602
2801,0,0.393366715568149,0.684587227795140
2813,0,0.100843999954726,1.04967020618536
2824,0,0.443012953275098,0.884958646375255
2828,0.395547035688079,0.591520215945416,0.993463590886456
2829,0,0.416217057280040,0.902692356490254
2833,0,0.317526961194251,0.785713770766092
2837,0,0.391050952282196,0.877183954501225
2845,0,0.217423092196299,1.08549003192433,1.27153012815732
2856,0,0.622351555334116,0.862405259107307
2857,0,0.424813152306155,0.792938292931431,0.992653030702134
2872,0.143121164822850,0.587297352553361,1.06954618077988,1.36686438635261
2876,0.0412617430288031,0.925123513372456,1.13482681391756
2877,0,0.476112747867101,0.920383721272148
2881,0,0.376269028448283,0.664070525926153
2901,0,0.655718179784026,0.787652091705605
2908,0.328633919658583,0.655910394237670,1.04166691748145,1.40878654844792
2917,0,0.290179056033117,0.888668565734722
2921,0,0.265702877310368,0.978562657995420
2924,0.397999565068423,0.717110342295874,1.15987651602515
2933,0,0.381900366434384,0.849228329368979
2945,0,0.285950446395962,0.806451488728390
2965,0,0.513539583039719,0.793746587840997
2968,0.309784254256967,0.518902685543111,1.05113894938600
2969,0,0.323672724845959,0.861062786114962
2977,0,0.325748778507219,0.732321008714960
3004,0.173182659768406,0.731086993899762,1.04243427653129,1.41918769939659
3005,0,0.262619825205327,0.873164311599336
3009,0,0.513715511454676,0.920052346159629
3013,0,0.130130338478259,1.05485565950792,1.42046153427376
3016,0,0.420941625989124,0.917939310016510
3021,0,0.389893689268934,0.874462135935907
3049,0,0.437233979948790,0.594918846562086
3052,0.128846969189628,0.640054343805031,0.998193270050827
3053,0,0.288629276923321,0.830603942683228
3057,0,0.262248853077345,0.970096878739786
3065,0,0.481005541087985,0.816781424739449
3077,0,0.387012150150550,0.868134887191406
3084,0,0,0.676167125605029
3093,0,0.305074855040712,1.07628272050878,1.43314223904353
3097,0,0.544817278902726,0.782725333146991
3101,0,0.419413428423205,0.968667301398014
3109,0,0.279354172989166,0.885907344699745
3112,0,0.238132169948225,0.654783861702171
3116,0.452598535201854,0.658407153061279,1.00874676131672
3121,0,0.283036213101440,0.816435645565076
3128,0.101291797543193,0.671398763290829,1.11741100086579
3137,0,0.263800989073187,0.691524218549494
3145,0,0.414958422095854,0.753747515486890
3153,0,0.174451710298732,0.784016610208135
3160,0.227057105629579,0.726326751293754,0.987803802965637
3165,0,0.316924154096034,0.857197691879790
3176,0,0.582406136240092,1.00702815620725,1.22781240970352
3180,0.130648218692674,0.516822513374059,1.17763954463639,1.47559427151360
3181,0,0.469791901435344,1.05279806672705,1.25696539900866
3189,0,0.404355649466591,0.959649461948317
3197,0,0.339639128909973,1.10228062294640,1.38632521714267
3208,0,0.501010525825062,0.695621567344994
3209,0,0.231589488860612,0.985188648472171
3224,0.320680890943653,0.657814703151375,1.01784967959466
3228,0.385450853495432,0.606625932777783,1.05326353442399,1.34352235845176
3229,0,0.236295543384030,0.823660736431573
3233,0,0.461004609866793,0.870384513566340
3241,0,0.204094893346305,0.863446487626311
3253,0,0.400916998343164,0.978231325633050
3260,0.265078485373827,0.826734301501769,1.04709144827974
3269,0,0.346774691253694,0.997699700387952
3273,0,0.373634101547917,0.800593879748217
3277,0,0.418071443160800,0.713144121745749
3292,0.0618523250544663,0.757306002746466,0.819392175808152
3297,0,0.385955227286237,0.753502223878671
3313,0,0.213816182707793,0.709403972658652,0.979888985770475
3317,0,0.371224622686255,0.839039014945774
3320,0,0,0.484060285380085
3329,0,0.282273492679962,0.857647432932506
3341,0,0.293400059781828,0.946383505274588
3356,0.0418317555098129,0.773727296726942,1.18355737912745
3361,0,0.257968851194639,0.784645414541133
3365,0,0.432614185649775,0.860751675930962
3368,0,0.254118642489508,0.997260960557791
3373,0,0.369912232486825,0.927032372062352
3385,0,0.178742022178673,0.615322415690973
3401,0,0.242608572101834,0.832011636499659
3404,0.295713684854228,0.540961475209954,1.06578895382570
3405,0,0.445834969422426,1.04237139123186,1.45613501685123
3409,0,0.350849520826287,0.898224510832539
3417,0,0.290469456369951,0.694940175183309
3436,0.0529593552398926,0.642389944644664,1.21916167217744,1.44916464063040
3445,0,0.440909972766701,0.739007035490002
3448,0.121052326072380,0.674235331455810,0.982679282103821
3449,0,0.436257537156185,0.840258213047960
3452,0,0,0.476827503958961
3453,0,0.333902310519480,0.685542276812581
3461,0,0.555387514833993,0.980592492892430
3464,0,0.196362284978644,0.942572375662159
3473,0,0.476665057046529,0.676822207996996
3480,0.196031874632785,0.776624742832354,1.00776289557288,1.47508315320284
3489,0,0.327751559813766,0.741688076758061
3493,0,0.452726577985821,0.694428444452508
3497,0,0.331625232217341,0.703795486879068
3505,0,0.465349089320638,0.764250117078614
3512,0.190602869444210,0.695802937045823,1.10005978828809,1.44029916041265
3517,0,0.263108893649210,0.840402249858567
3532,0.134818297925934,0.566787940346178,1.00168080755947,1.36300551445953
3533,0,0.571716812258784,0.844554317121007
3541,0,0.612550000668541,0.711769489014324
3560,0,0.342618918301546,0.771729182731793
3561,0,0.491278454138254,0.814519458199953
3576,0.276191137084210,0.691106662516701,1.28817149858649,1.47842350948890
3580,0.173611607279994,0.612884799984269,1.12252471997199,1.34951341242893
3581,0,0.387917219261487,0.893326624757579
3585,0,0.415563022928364,0.801913213482638
3592,0,0.253743731797287,0.791520309626591
3593,0,0.329956907869470,0.748658857657649
3605,0,0.336665986581478,1.14468476553707,1.27371964395605
3612,0.110085896023133,0.640798813230335,0.990712247549117
3621,0,0.333319247777091,0.975270221176267
3628,0,0,0.567570826183538
3629,0,0.284719267334108,1.01178898583808
3637,0,0.298732026258865,0.811866243193677
3644,0.184253106504664,0.673233133898798,1.13658958145718
3649,0,0.319677739829876,0.840128539211500
3665,0,0.408912962839869,0.794718496804604
3669,0,0.405694807336234,0.925667341053639
3673,0,0.420985382418855,0.621481771884949
3693,0,0.346270716459650,1.03540057637799,1.14443217263188
3709,0,0.446109097488322,1.03253001652275,1.25778464650630
3713,0,0.455477279978219,0.588694512858699
3720,0,0.573306698092871,0.803552723494380
3737,0,0.561613378740805,0.682210525137020
3756,0.291815344173358,0.520525637312894,1.20540581898283
3761,0,0.394375666094983,0.836964519821331
3769,0,0.453097153053021,0.888063589160248
3781,0,0.262792849812584,0.828515662967248
3788,0.201318403021746,0.450134230607763,1.02957575313895
3797,0,0.424252150039038,0.942820990605317
3801,0,0.265603900258942,0.896282944201607
3804,0.0450809861525863,0.701074321625983,1.09250197553366
3805,0,0.190574538120614,0.900725341317564
3813,0,0.432245625928724,0.964612209747242
3820,0.168039951819421,0.620401803939929,1.04744121181031,1.48126061679374
3832,0.335581557160413,0.694752865812826,1.00274646644844,1.31456541251337
3841,0,0.242458439234316,0.803864358744554
3845,0,0.357586782141780,0.969544018888638
3849,0,0.456784952597603,1.00645430968441,1.12831746443009
3857,0,0.403764237078574,0.798883869705938
3864,0.270154410431569,0.721206506710283,1.16912016465923,1.41759641413050
3869,0,0.458615613150431,0.933918713828988
3880,0,0.337450628907828,0.675675423382454
3884,0.110864875972467,0.893441419516138,1.04712507302936
3885,0,0.406599895208667,0.829243750393902
3889,0,0.394551220235066,0.729962831901913,0.963478837073262
3893,0,0.159707338169665,0.792270118627707
3901,0,0.433364301843451,0.792795696829332
3912,0,0.392100636842034,0.863724295677358
3913,0,0.332126359386336,0.722471180690929
3928,0,0,0.343289639116764
3929,0,0.347474061357306,0.827387418062873
3932,0.0500436106044432,0.558997160260380,1.19754081084783
3937,0,0.195342366345533,0.775526233979388
3944,0,0.344337020248081,0.877162872671959
3945,0,0.233435841262271,0.837914558633070
3957,0,0.326033316025990,0.738660984296593
3964,0.106166160476644,0.660758340694084,1.02959980644726,1.41643095486152
3973,0,0.376330086783312,0.672480682700972
3977,0,0.236124764422930,0.820417242103637
3980,0.207880195747726,0.634562841649943,0.904264504721178
3981,0,0.359223524434738,1.09511652967301,1.49458429292556
3989,0,0.378694492376504,1.00350918235529,1.42307583308990
4001,0,0.585777303365375,0.716406653777381
4017,0,0.335079568520171,0.894363599184538
4021,0,0.507161938875494,0.829495380532686
4024,0,0,0.624571027442188
4033,0,0.259944595659381,0.654033342574088
4045,0,0.426260237559206,0.776365265297670
4060,0.332665002921483,0.738131237584709,0.856191573350017
4061,0,0.457244344889568,0.674508497611601
4065,0,0.359974897601334,1.00184181660098,1.14630191109672,1.46968445111157
4069,0,0.449307802417054,0.809713266882983
4072,0,0.351302843821957,0.834524186619321
4089,0,0.394341294275040,0.691169482630202
4105,0,0.329287176385127,0.771833350393528
4108,0.109844630466537,0.615919400640612,1.04374134451757,1.42910960489927
4109,0,0.192122681167833,1.16148486597755,1.43034677595290
4121,0,0.156493734168943,0.946766236639485
4133,0,0.418007766334829,0.936159174284008
4152,0,0,0.558589060727001,0.966751796348924
4153,0,0.274676932533890,0.637122217389639
4156,0.236559261759102,0.723792184612471,1.08624516367834,1.32292499502651
4157,0,0.492623473827156,0.818913630650867
4168,0,0.445074619445834,0.774943073936478
4172,0,0,0.670021293229799
4177,0,0.248238620604171,0.802521894533214
4184,0.0849213725653060,0.633628529185267,1.19735954240317,1.49219129612431
4193,0,0.461937209255352,0.673519988730973
4197,0,0.274795310500812,0.808876267436950
4201,0,0.380418700904022,0.606355826570781
4209,0,0.384687508660892,0.788768846633459
4216,0.102874067450487,0.685910202384770,0.959440507707249
4236,0.144952417798217,0.633923938094810,1.10377262963377,1.37183901524171
4237,0,0.220643472957039,0.803397282715108
4241,0,0.271677515260158,0.930219219972126
4245,0,0.388162999268920,0.902308930490109
4253,0,0.279551269667024,0.761147430871691
4264,0,0.267017848051576,0.850839704247176
4265,0,0.369517862274331,0.864281889604877
4280,0.241464822689744,0.763468383553740,1.00612253877792
4281,0,0.366245778667560,0.815744331331579
4285,0,0.337629646137030,0.776304239583668
4289,0,0.433448364384162,0.918832434260694
4296,0,0.503558533177466,0.790064189148145
4297,0,0.189400295946920,0.697506526565529
4309,0,0.297848165671025,0.700622506498272
4316,0.318404236861537,0.520473210531894,1.14766175466516,1.40110633350752
4333,0,0.270478946468590,0.963541934844987
4341,0,0.425206363762851,0.940618929564915
4348,0,0,0.502127594155221,0.958196240275168
4353,0,0.283083152303760,0.714924207206122
4369,0,0.386275633011077,0.652932527728686
4373,0,0.432022423527529,0.886729353665740
4376,0,0,0.655287867304506
4377,0,0.328371858527528,0.743667099594237
4385,0,0.298515326306900,1.01461775669110,1.25201626781745,1.34993634831692
4397,0,0.301123991118768,0.822636799713640
4412,0.0516218375412149,0.592962070639363,0.917721256635401
4413,0,0.418511812070566,0.858098846279607
4417,0,0.195651664309297,0.824993967130112
4421,0,0.477099213588374,0.834926226453117
4424,0,0.182695013232439,1.11910369420988,1.16549753147015
4429,0,0.402603916334970,0.840390438486861
4441,0,0.421001495907089,0.791579632570614,0.994437625786849
4457,0,0.248810177309405,0.825026568560120
4460,0.237780716505921,0.593675951542022,1.06730628962570
4461,0,0.308227819042715,0.887267929833388
4465,0,0.200733891545961,0.857693679781158
4485,0,0.357841579849391,0.933918538303062
4492,0.111737605374175,0.592543780935278,1.00682110962365,1.30927099340182
4501,0,0.430629733021965,0.783881154972095
4504,0,0,0.644701207121169
4505,0,0.353172501903390,0.707552300961657
4517,0,0.526592191950137,0.598322156730237
4520,0,0.429164761388334,0.905116493408516
4524,0.0932113446858684,0.647492910258199,0.993886412198306
4529,0,0.471581985654854,0.664108757940481
4549,0,0.297047103712924,1.01646977035587,1.32923399850222
4553,0,0.195540143976472,0.867866304422412
4561,0,0.418614648794171,0.700052199065709
4568,0,0,0.447480681739905
4573,0,0.459901528941831,0.706894966603565
4584,0,0.445850326046959,0.884426338079150
4588,0.280165476742550,0.584852027955571,1.01294639001543,1.37372865194183
4589,0,0.448709644442598,0.788243401162499
4593,0,0.358336591476641,0.690992182108038
4597,0,0.377350702489430,0.833817934989398
4605,0,0.381202931994744,0.961520510824527
4616,0,0.533132152206884,0.819597862077836
4632,0.189158292959347,0.596771656607480,1.13022652761422,1.48812612666994
4633,0,0.326006304411183,0.712252572681146
4636,0.121144384795414,0.512523691421174,1.00536885048128,1.36424211469967
4637,0,0.428127643336032,0.907722734745010
4641,0,0.409861193605076,0.747062301134983
4648,0,0.361460963796667,0.723559340028422
4649,0,0.104484405178535,0.707236528563487
4661,0,0.464467410300516,0.857567021012179
4668,0.0390099110053550,0.836058699473195,1.01505849698103,1.40862688048977
4677,0,0.336141573475125,0.916665007910929
4681,0,0.434897454059974,0.831911961492418
4684,0.177751671601105,0.511371578092082,1.00862183879093
4685,0,0.314677519768333,0.905086480870072
4705,0,0.265887557442560,0.607810404843757
4721,0,0.461520968676566,0.816691936612036
4728,0,0,0.712895733845022
4729,0,0.210601203375531,0.865947875316915
4737,0,0.433743564139153,0.824808991730737
4749,0,0.626412679733379,0.859631742930472
4764,0.101061171060101,0.563219306989458,0.991236114963820
4765,0,0.316748574567598,0.790486963857236
4769,0,0.351866200981232,0.600304961769847
4773,0,0.264733545464838,0.910337250067175
4776,0,0.167353675835246,0.834743086975008
4781,0,0.444286562511265,0.908940796838545
4793,0,0.393314468205894,0.723563466078125
4809,0,0.425207121918861,0.850371153907632
4812,0.0891469707882984,0.676469927550554,0.991962166215972
4813,0,0.119810575265903,0.810366890630312
4817,0,0.178125929918436,0.580515228115329
4837,0,0.315075012533774,0.780593513687591
4844,0.244637575209157,0.747965854048451,0.901166173832555
4853,0,0.482796171180203,0.720534373861271
4856,0.156583250800185,0.655425689843976,1.10865972143975
4857,0,0.423905509223014,0.656333494720995
4861,0,0.425586694527209,0.843853500294477
4872,0,0.450362882877797,0.834763366614624
4876,0.197597070422849,0.650484276040787,1.04014612587225,1.24470643075869
4881,0,0.138882430343252,0.850214153971688
4888,0,0,0.406747155092890
4897,0,0.162276326136086,0.694896076478518
4920,0.0813326682135363,0.724887025865752,1.00974292875532,1.47295089738593
4936,0,0.450840440326230,0.750931433454448
4940,0.0806431454013035,0.611670686519038,1.21826134039203,1.44735229415189
4945,0,0.438164357417758,0.590346773696013
4957,0,0.370732782240300,0.813732699833905
4969,0,0.461887653963246,0.731431101092932
4984,0.102202017612720,0.598065330047443,0.976510619138247
4985,0,0.396341814508361,0.692022793075657
4988,0.262573325184008,0.690002940169319,0.989239379595213
4989,0,0.558995437386130,0.817338540533740
4993,0,0.195747044421013,0.745336248189833
5001,0,0.547553638771030,0.790810344654790
5020,0.0671194271286195,0.438562092264696,0.991565490349285
5029,0,0.394341482887124,0.923863935363933
5033,0,0.344753737575060,0.684566466266712
5036,0.184175289026034,0.738368726872762,1.05190797655302,1.40021868368352
5037,0,0.293389113906485,0.767875678895505
5045,0,0.393712987688504,0.878569209750912
5052,0,0,0.565534653748106
5057,0,0.483171827904979,0.708364039283776
5073,0,0.389003849799413,0.905478493741200
5077,0,0.388836769712839,0.663192723980019
5080,0.0926405337945037,0.611092423469408,1.18113592888304,1.40308241864529
5081,0,0.429646562519360,0.725934383125206
5089,0,0.316959454518513,0.660185889813333
5101,0,0.234723307585618,0.852016234685463
5116,0.276829496373299,0.524838108274784,0.987354816058884
5117,0,0.326135605309453,0.757665551749644
5128,0,0.172367829124484,0.724511107606664
5133,0,0.355749396946487,0.673763375804728
5161,0,0.253527305685596,0.660284417312956
5164,0.0865568319927239,0.656995036020527,1.14237374044512,1.33035642172579
5165,0,0.502605845260879,0.921830445700118
5169,0,0.191712526886814,0.867586075530173
5177,0,0.406881948542528,0.600944979241041
5189,0,0.362772605139391,0.718169562599520
5196,0.0375106306518130,0.818126738913387,1.01703249976398,1.28654924083136
5205,0,0.344579221524150,0.850908491277232
5208,0.102042572590876,0.519672924329463,1.10934667990072,1.42918146095943
5209,0,0.322558712254771,0.697471653763344
5212,0.270423159434866,0.681112386539949,0.852110807529581
5213,0,0.320823299624475,0.980035969000685
5221,0,0.341368681224148,0.890256798037186
5224,0,0.402730754722611,0.719794908745858
5228,0.177961991853505,0.589052687963811,0.998224286869404
5233,0,0.419885085748021,0.647697766231483,0.985648854372907
5240,0.0868402422164736,0.570761588677571,1.14230997759758,1.46791681896087
5249,0,0.529512688103662,0.797655137731669
5253,0,1.37917785721461,1.68663870020213
5257,0,0.277767123919506,0.597959296253777
5272,0.250183909695184,0.593967820048848,0.766698936017655
5277,0,0.536997149182965,0.843424699066117
5288,0,0.415373855621766,0.929789176099187
5293,0,0.319010094994560,0.566319106495683
5297,0,0.129804799041232,0.777819660017267
5309,0,0.176217212903323,1.07905056153183,1.37352659515396
5320,0,0.532480507328472,0.779715826435741
5321,0,0.451342310694472,0.663149669568845
5336,0,0,0.623993001679198,0.975331409633232
5340,0.0371851928572261,0.718252141208866,1.15791654124850,1.41598329592217
5345,0,0.260706829761139,0.727564783656835
5352,0,0.411916350871800,0.778618673396918
5353,0,0.299504821080814,0.765239650234342
5365,0,0.583492041950288,0.811435701686349
5372,0.223648704717531,0.794656068835206,0.919322110853168
5381,0,0.356164926143422,1.01079788217272,1.49379936211604
5385,0,0.265347095137899,0.792746486014301
5388,0.0423094348837846,0.711935704576286,0.890339007603532
5389,0,0.205041673317787,0.797086851486113
5397,0,0.278889243347783,0.748626563068418
5404,0.297101455413076,0.604284858688259,0.991851674432266
5429,0,0.536555560098902,0.694580928658531
5432,0.0920582860786207,0.552900048066256,1.04514253948678,1.37255543820579
5433,0,0.493873805960303,0.686107460364534
5441,0,0.459013951809203,0.571400053148100
5453,0,0.203925096415995,0.797398176210320
5468,0.328582928130781,0.541462828592672,0.811657349419350
5469,0,0.539503144972801,0.713391488064891
5473,0,0.389324318244690,0.649968835679680
5477,0,0.439756714674456,0.923302387850287
5480,0,0.440736771069662,0.792910835862152
5485,0,0.345759881675789,0.756814695888916
5497,0,0.342630836863222,0.565667920862264
5513,0,0.310855442031360,0.736206150238551
5516,0.351683841302497,0.548434590577258,1.11965900201222,1.46637943208863
5521,0,0.357743176403384,0.735689501010022
5529,0,0.367776683334824,0.844416250803254
5541,0,0.212060722648017,0.994365109249415
5548,0,0,0.540354611546356
5557,0,0.358562260952270,0.755495463022988
5560,0.0977990703975726,0.648211403647596,0.931631627895240
5561,0,0.151969082974170,0.924616053548356
5564,0.0662802604507904,0.812319915361998,0.953293019899107
5565,0,0.540572393943660,0.964953852920415
5573,0,0.606339017323513,0.666090991095096
5576,0,0.256730160428536,0.868310676507282
5585,0,0.312406913148857,0.749497492609431
5592,0.231766485659735,0.422333341240862,1.11074522745757
5601,0,0.139591587554796,0.638636015948676
5605,0,0.415345512503548,0.881738995713322
5609,0,0.343298912876851,0.625721536895794
5617,0,0.341756624907341,0.847157834864251
5624,0.224569588012859,0.678372304152465,0.975144070339494
5629,0,0.345799462929281,0.768381334559560
5640,0,0.474979560277696,0.690129062141763
5644,0,0,0.471336369864534
5645,0,0.298273635656412,1.04726344633159,1.37997563873732
5649,0,0.356038841171375,0.767753127132184
5653,0,0.252096290734824,0.564643403669473
5672,0,0.532926133249401,0.675569371696129
5673,0,0.290133931947844,0.774685572677951
5689,0,0.343935113218373,0.783830096474115
5692,0.0590228964360205,0.507453204309606,1.00189222217868,1.16774718173352
5693,0,0.293207563750147,0.882861356622404
5704,0,0.484052839819818,0.712197577125491
5705,0,0.459342668502624,0.788079718747148,0.986164788592599
5717,0,0.136356804193629,1.02873584696646,1.37715170498088
5737,0,0.374956005734894,0.693689388031715,0.968475515632321
5740,0.0948130675082133,0.671760852817916,0.878015880921149
5741,0,0.152369214402508,0.890416667599860
5749,0,0.560357361321487,0.668274784057149
5756,0.153289084031008,0.647959491310292,1.01420475919041
5761,0,0.232790154789437,0.836664754739236,0.915398792147861
5777,0,0,0
5781,0,0.493940045395290,0.866458431640568
5784,0.156165918697331,0.677907328247635,1.11358385804323,1.28994888152171
5785,0,0.223321147535831,0.864727313072903
5793,0,0.238343099689512,0.647008574816193
5820,0.293730110524874,0.589408118732464,1.15862136408802,1.41704379133747
5821,0,0.232538834042402,0.790638353179540
5829,0,0.331631083959642,0.950951580307120
5837,0,0.512097258029109,0.838527428504320
5849,0,0.217830979028014,0.926475533906053
5865,0,0.237682291221482,0.877061789339583
5869,0,0.291580879881592,0.834913839194348
5873,0,0.155178042974269,0.789772169426530
5881,0,0.157936347111130,0.713017993780499
5893,0,0.361099613311690,0.841072083744983
5909,0,0.336065948576800,0.826773709681029
5912,0.192385392432344,0.521473431902354,0.954778655786161
5916,0.253633255796746,0.612743873356601,1.06668104602918,1.34206362159713
5917,0,0.309055679383134,0.680145734523749
5928,0,0.499475801615277,0.815357755633617
5932,0.0453808881276515,0.640495233282009,0.956166792839071
5937,0,0.390068900918112,0.692260586879938
5944,0,0,0.519817664979513
5953,0,0.333816216032548,0.856052058694987
5957,0,0.423909257844678,0.828059278508416
5961,0,0.387550292751680,0.608261967379783
5969,0,0.232081060966759,0.754677458067231
5981,0,0.497195117278336,0.855766458359845
5992,0,0.280350295857484,0.789830323578003
5996,0.121144405198829,0.550869419175116,1.17831079137888,1.40969114837051
5997,0,0.477742678098197,0.982751717906720
6001,0,0.498462876227714,0.527502805668348
6005,0,0.554786074987091,0.822574326263060
6013,0,0.282946972340804,0.637356769941252
6024,0,0.281374472042375,0.901677130285927
6040,0.176360660502542,0.672207553909072,0.977506992553459
6041,0,0.409124540837926,0.782747073468186
6044,0.161405033785495,0.808773410656999,0.938097879471844
6045,0,0.166917572629445,0.958967013012635
6049,0,0.436834009837663,0.613909721506711
6056,0,0.288299723870260,0.694076725454299
6085,0,0.199706903303197,0.864358640729330
6089,0,0.124832957495306,0.840172345723113
6092,0.0444768476554838,0.569505831418085,0.953285806609394
6101,0,0.328121981840046,0.838020327203088
6108,0.0512633285885916,0.495055946867364,1.02524926272325,1.34608856103568
6113,0,0.363498404697952,0.753770721628803,0.991945681116004
6133,0,0.107680896901113,0.852010107653295
6136,0.102765423254363,0.531710776846069,0.984021831602488
6145,0,0.334753552087786,0.864035887878465
6157,0,0.414446930658163,0.709554181988446
6172,0,0,0.489395611655623
6173,0,0.147714980770902,0.883066605659107
6177,0,0.332539409465240,0.879711359928449,0.977496755991065
6181,0,0.275669852745694,0.824844660021242
6184,0,0.479087199209251,0.670216911007899
6189,0,0.425656188818637,0.810496697689497
6217,0,0.330018104190423,0.670628283912960
6220,0.204789286608177,0.626975995339708,0.852428471492458
6221,0,0.372896266470457,0.902463482844293
6233,0,0.376534651408333,0.634868977543296
6245,0,0.487897242526078,0.574741811373283
6252,0.0489602719283268,0.493199504553621,1.09892388169318,1.36885083308988
6261,0,0.340299104428537,0.918042898407052
6265,0,0.252699352475288,0.751095962534857
6268,0.0972135737513268,0.607741866032956,0.867486549604645
6269,0,0.350258696368729,0.982053951788199
6277,0,0.276706504933130,0.653658347190504
6280,0,0.346494778359765,0.932003566089697
6284,0.234826476759757,0.553922037575396,1.11517193097946,1.48678105113088
6289,0,0.279218335792404,0.759361130171337
6296,0,0,0.705765471703449
6305,0,0.315856796872290,0.880402401039315
6313,0,0.209697142386281,0.610955328466776
6328,0.290324900444829,0.675422542772734,0.853663969524928
6333,0,0.175881042291468,0.951666865868167
6344,0,0.358470831624088,0.812968211528968
6349,0,0.448277684079408,0.696069008020141
6353,0,0.335763893297997,0.807732151999953,0.968948198297668
6357,0,0.427338437668604,0.692425381268190
6365,0,0.200219330004578,0.822498620900939
6376,0,0.263177172418133,0.746539222599480
6377,0,0.213525442998561,0.662834859112324
6392,0.380530213333035,0.629451508436713,0.745788671281086
6393,0,0.471293198493307,0.636553070384074
6396,0.217036359657175,0.672499739452911,1.09066837717348,1.34893118711735
6397,0,0.320330943688976,0.912515363718319
6401,0,0.169480055196465,0.812334808593893
6409,0,0.226028187699579,0.759417845218572
6421,0,0.458404422764408,0.673620915290263
6428,0.174048619385386,0.401474444901903,0.949728602602281
6437,0,0.362381890877701,0.650283522187569
6441,0,0.233397988332031,0.663481980768170
6445,0,0.413628676921916,0.834619498687418
6460,0.288519034025806,0.548253692152686,0.986195625114261
6465,0,0.347817354662858,0.757799549854659
6481,0,0.354273596824082,0.722229830841629
6485,0,0.378229045500465,0.796107632086159
6488,0.314929203603738,0.594734757648503,1.05579455796216,1.42115513133283
6497,0,0.311192586482274,0.695062814262021
6509,0,0.311791605928614,0.922805802638573
6524,0.0793178165990063,0.531791465303887,1.19618808698343,1.29893885291785
6529,0,0.241208307608908,0.882414662288748
6533,0,0.383733244552204,0.601912424776524
6536,0,0.454956415737482,0.861896547017761
6541,0,0.454394218369951,0.820122112337695
6553,0,0.118752799903069,0.724424869863960
6569,0,0.560636687507448,0.878955646806657,0.976864618778576
6572,0.173967809531396,0.493358167186242,1.17088313018250,1.32258656714247
6573,0,0.387968097625665,0.741214089030427
6577,0,0.242695538414993,0.725430720075875
6585,0,0.133934760974521,0.897971934396806
6604,0.394563981602601,0.559662572648502,0.924012914670913
6613,0,0.481478597511254,0.814223674497398
6616,0.289388107726903,0.573187612564505,0.955917737379123
6617,0,0.440947735607826,0.518178754326506
6620,0.163547764883288,0.689342933912368,1.12413361626644,1.38530482812015
6621,0,0.247490868399356,1.08749125522745,1.34212408169038
6629,0,0.493690636150870,0.802499701852397
6632,0,0.167702679399530,0.699769995954884
6636,0.332991575522922,0.636296251418154,0.896245966577126
6641,0,0.329003927893585,0.743401746221024
6648,0.377020210651462,0.578827214825348,0.874454357297332
6657,0,0.313822290776951,0.763408504428145
6661,0,0.449919655321782,0.645479199199555
6665,0,0.338130380433540,0.715612731233683
6673,0,0.246183352449219,0.647132068227172
6680,0.0873893806859475,0.542742079779369,0.903980926303665
6685,0,0.423631265023420,0.797974512834840
6701,0,0.205090916185543,0.848127769540479
6709,0,0.345273554458909,0.910896740663340
6717,0,0.382631143222354,0.652369359300739
6729,0,0.336520044871606,0.652544835350063
6744,0.130606027369936,0.720553512127592,1.09179384869706,1.40836086518353
6745,0,0.284084813648229,0.696987169820342,0.935385632242359
6748,0.208194531785854,0.518660961536714,0.974304566539570
6749,0,0.415918235774428,0.612087426227229
6753,0,0.441951720659977,0.648759383129062
6761,0,0.259161264092168,0.838897082831627
6773,0,0.422337892831609,0.586035313194482
6780,0.119095303453499,0.718477991353845,0.865710146304878
6789,0,0.537391797575736,0.902067658366794
6793,0,0.308917025119919,0.753377486953082
6796,0.335200903266270,0.662879202534545,0.923405875744966
6797,0,0.370983414044741,0.745309758183271
6805,0,0.412663924129686,0.699839228890203
6812,0.191187357661301,0.467545739970645,1.06717380814966,1.30477599315344
6817,0,0.422906601569373,0.609481903323661
6833,0,0.400257738411525,0.669307390633107,0.870701158063559
6837,0,0.315026882588300,0.912387127848111
6841,0,0.401124693963381,0.705728961932399,0.971392121321835
6861,0,0.385953636589379,0.887261529710039
6881,0,0.298475737379458,0.737377959905101
6888,0,0.477429250139706,0.607069628665856
6893,0,0.253650404031138,0.870859491690661
6905,0,0.166570625495482,0.780624937158289
6924,0.161109872750018,0.399248592655234,1.08435210559815,1.45692897146035
6937,0,0.262065927167183,0.466069756580053
6949,0,0.312872553395003,0.827444028182544
6956,0.187560777770190,0.677017767067534,1.17614711449858,1.36568605529594
6965,0,0.449230780085478,0.814092466622835
6968,0.0763308020572802,0.563215396520125,1.05975832218731,1.44573917762980
6969,0,0.325286091210898,0.831157606197604
6972,0.0818278024564371,0.560948914965431,1.16436169410964,1.25094524894785
6973,0,0.247770695818022,0.687665454084419
6981,0,0.460704864204664,0.750094028728317
6988,0.0565133769684733,0.535812782370206,0.767588483288904
7009,0,0.285541175827284,0.555386845707394
7013,0,0.267584133266063,0.768855993579956
7017,0,0.261525196405105,0.860524263459328
7032,0.106437779438134,0.406189992744049,1.16434547542767,1.38687848826456
7037,0,0.387355702265577,0.820133254172304
7048,0,0.248993802653595,0.685642720313858
7052,0.180416045601110,0.450328756116748,1.16471942192153,1.36416056226119
7053,0,0.181346446351217,0.716568077023711
7057,0,0.383410996687895,0.599953697831412,0.917964638048297
7061,0,0.204398300059259,0.894373792903081
7069,0,0.436887528979481,0.845196568578571
7080,0,0.333412691177321,0.840970723724349
7081,0,0.348509537329290,0.712300343510161
7096,0,0,0.611636583496492
7097,0,0.323836620161446,0.754763317329502
7112,0,0.368687691952905,0.731246186251925
7113,0,0.300834540796591,0.683710613179419
7132,0.0512134439702306,0.483668796850104,0.985702809231328
7141,0,0.351077073420194,0.771525036876527
7145,0,0.466378197262348,0.675502434811550
7148,0.270277866194323,0.432971649384612,0.885153013361313
7149,0,0.325651348807493,0.909733435380562
7157,0,0.224931575344967,0.803874991090591
7169,0,0.462000560686786,0.638391505935486
7185,0,0.425198545701944,0.768516508103270
7189,0,0.314313400893433,0.963246352950065
7192,0.168586079638912,0.689302494592101,0.840466211583496
7193,0,0.364580184491340,0.725307846334655,0.977104010504435
7201,0,0.567084103268951,0.661548136608269
7213,0,0.384681496184893,0.751237781892947
7228,0,0,0.518785517092618,0.920553531982085
7229,0,0.414641096828494,0.850455144900621
7233,0,0.301143275426342,0.595515179388867
7237,0,0.367406572607279,0.770747758222062
7240,0,0.319975807715483,0.696362567593855
7257,0,0.168115821443747,0.788353647562658
7273,0,0.436830860090727,0.554256852932665,0.969385948744966
7276,0.283349990679816,0.483808279302853,1.07761555841620,1.40073008734966
7277,0,0.272151331251959,0.717541873494908
7289,0,0.288916985837105,0.779483553595672
7320,0,0,0.779111360650782
7321,0,0.257947201514887,0.746045472935430
7324,0.256778896056170,0.531372722181306,0.840299541324791
7333,0,0.353793477752672,0.814285665374875
7336,0,0.494294691941111,0.796003737398534
7340,0.0439458273656973,0.494142582351557,0.948130239315801
7345,0,0.270202351729170,0.685871109460435,0.941958385696906
7352,0,0,0.478513076763079
7361,0,0.431060802779765,0.767500826686054
7365,0,0.385510521067030,0.789862456547218
7369,0,0.198691876740555,0.770789236784391
7377,0,0.367859569285326,0.661218114193419
7384,0.0822077899338389,0.564857004633826,1.03352030514082,1.38328920465355
7404,0.235794988002484,0.541997798065190,1.09033521200056,1.44022328123296
7405,0,0.227896984950628,0.729749785213329
7409,0,0.429840721076018,0.730641271218550
7413,0,0.282000466437556,0.847782083795017
7421,0,0.272633185433686,0.738865427087113
7432,0,0.449707371880634,0.718955028444950
7433,0,0.368535826151013,0.765551205476521
7449,0,0.338253887795331,0.686217987823953
7453,0,0.262905812698519,0.882248552686999
7457,0,0.244098578412001,0.511358816991212
7464,0,0.259082345594177,0.651355340100804
7465,0,0.393484129043599,0.797949320808919
7477,0,0.101185899425748,0.647704250722152
7484,0.287829979242203,0.508870607517021,1.03550624810239,1.38071208027406
7493,0,0.161242426825633,0.739480563484980
7501,0,0.246957089308946,0.736090270240178
7509,0,0.490362579579278,0.803500689850149
7516,0.125268039987758,0.582135845384224,0.948184069603985
7521,0,0.452631330702848,0.705732951884776
7537,0,0.418483357510705,0.774798561262408
7541,0,0.368255386067323,0.893871839837008
7544,0.0573279046018119,0.739204619841870,1.14595441475965,1.24906486662396
7545,0,0.334892713859355,0.768002692644998
7553,0,0.245312846836960,0.723914419455004
7565,0,0.430468093655003,0.871404872353036
7580,0.0922947223553238,0.693572169362699,1.04840312140899,1.42212420151466
7585,0,0.331822211276191,0.503352737197400
7589,0,0.444962206064935,0.758933902983610
7592,0,0.282543574291507,0.759105734039519
7597,0,0.355210335193478,0.661442224448150
7609,0,0.471800692141461,0.764638451135911
7628,0.0618867875948493,0.736356278028620,0.980172409814414
7629,0,0.384792584082353,0.815872884089818
7633,0,0.444755021037526,0.644281274804233,0.919563498967639
7653,0,0.335391688432481,0.809290662351833
7660,0.172788883588822,0.390923431060006,1.13931043448760,1.28839298145382
7669,0,0.230089092649472,0.749629455243514
7672,0.121821184928045,0.397726854825320,0.924592624949926
7673,0,0.452804095916128,0.705108627399005
7676,0.0764563857433829,0.587823288342312,0.852183001863364
7685,0,0.204650157661423,0.937273248290217
7692,0.184570504123519,0.613607547251036,1.00196092932813,1.47496018508351
7697,0,0.397187928735853,0.717847853437231,0.996085503917830
7717,0,0.407006072840735,0.570142440163038
7721,0,0.371127500915755,0.891316352897885,0.999470075305499
7729,0,0.198535968580470,0.666124242425039
7736,0,0,0.607770798077582
7741,0,0.277082618065557,0.725638827386491
7752,0,0.449165438619005,0.857871156521577
7756,0.0837941398489608,0.646638649772968,0.825734890574918
7757,0,0.173591932621648,0.940657233460660
7761,0,0.416688327626996,0.869062314537096,0.937783789626406
7765,0,0.417058514838166,0.598133300517963
7773,0,0.359425693654892,0.915565709574958
7784,0,0.0964550220622360,0.906232893741503
7801,0,0.243517852318113,0.800582894798172
7804,0.0355517117984280,0.679637134410647,0.990062257984418
7805,0,0.428395152639940,0.735251581814987
7809,0,0.395245009132935,0.854450221694517
7816,0,0.365136483417884,0.830559513701317
7817,0,0.538363567651108,0.737643798651698
7829,0,0.238814523430904,0.973775536691836
7836,0.0315989335879939,0.666887667831887,1.10136815511583,1.38015497372238
7845,0,0.319141009267774,0.916803826040388
7849,0,0.274210000682274,0.746208344692259,0.985204737566899
7852,0.310701103623530,0.479927508424415,0.978501952613751
7853,0,0.468641949010965,0.825719400934573
7861,0,0.215942228928332,0.956149068412500
7868,0.212662148443862,0.624721328976050,0.995365893845016
7873,0,0.182099081155051,0.620820149891012
7896,0,0,0.643903650318935,0.987145031128562
7897,0,0.272700271802024,0.532137105074887,0.936849691160040
7905,0,0.299003751758309,0.768769207333578
7917,0,0.438532610511420,0.773889743481792
7932,0.241666356201683,0.496234519660520,0.915194793196165
7933,0,0.226103641262565,0.880177016501791
7937,0,0.199419881546146,0.776830057225388
7941,0,0.387346386109089,0.847210023612803
7944,0,0.390263066241165,1.00661657128984,1.14451253816988
7949,0,0.148601005999632,0.797126195088613
7961,0,0.344130242843232,0.629260731780819
7977,0,0.145423936767163,0.712207212183346
7980,0.0719146873825077,0.635041216194140,1.01673836124140,1.22961146373227
7981,0,0.264742962440702,0.853020366419763
7985,0,0.464198416902820,0.813710220369589
7993,0,0.362302769216979,0.634169536242030,0.932799634022586
8005,0,0.421915866685268,0.756533651719772
8012,0.0758910920952700,0.562681216468008,0.967960089687932
8021,0,0.311100584454901,0.939184206524330
8024,0.224479947789821,0.528703464553527,1.05684598828104
8029,0,0.208093824680573,0.760165427065321
8040,0,0.296206689540583,0.693412584199934
8044,0.124890732156588,0.588372749418083,0.935992359401625
8049,0,0.253388127572337,0.935898871092646
8056,0.170289352446783,0.502045297959415,1.08123236149919,1.39056448327920
8065,0,0.440465496595198,0.710719132062155,0.843751758675387
8069,0,0.463543175961857,0.915282076818345
8081,0,0.382261782184060,0.555324258290079
8088,0.0682645464545006,0.761681283851486,0.884562641510683
8093,0,0.388786363445368,0.575619440157231
8104,0,0.399630885142712,0.818543654154807,0.971622856322770
8108,0.211733263286134,0.537687224769138,0.839128070866448
8113,0,0.216567690085212,0.567650368398120
8117,0,0.317319810524570,0.582620424585142
8137,0,0.190360237627326,0.824842357587659
8152,0,0,0.668714177082322,0.761913919374281
8153,0,0.163973317602982,0.765605109025097
8156,0.0889120444994817,0.418851504934182,1.11432035724388,1.33986803698582
8157,0,0.305873184670986,0.684716355721182
8161,0,0.367326577379205,0.828113255594417,0.979498383685674
8168,0,0.396279623969235,0.718860291843496
8169,0,0.384379357249800,0.593489254233259
8188,0.333253050140934,0.569545288163374,0.853332272217858
8197,0,0.193711641465020,0.695752508909911
8201,0,0.116206043714114,0.678199850583271
8204,0.187732509462511,0.630916656551962,1.11674351078539,1.32881668140656
8205,0,0.317695582248744,0.719452984413633
8213,0,0.247973376814773,0.822186362263859
8220,0.0337898671254161,0.744931239770850,0.892361298272242
8241,0,0.390662534222408,0.672956494223049
8245,0,0.456340791489773,0.666322668852316
8248,0.0988040106842534,0.548671666189389,0.830943430171387
8249,0,0.328043965517040,0.688323703487376
8257,0,0.187535041683508,0.593850697016912,0.934193892097415
8269,0,0.262739872966380,0.869005989289620
8284,0.294647405581938,0.660742854673902,0.990184078685637
8285,0,0.560850909058657,0.713877831442355
8293,0,0.557172960580713,0.764044621057347
8296,0,0.229890906474257,0.701082410759470
8301,0,0.412261659644023,0.803168704376268
8313,0,0.251245946366731,0.684281622843572,0.970857348972109
8329,0,0.368546561342370,0.723679980564781
8332,0.0476259754852585,0.586717243120805,0.753119205366088
8333,0,0.227986924699397,0.925844780428296
8337,0,0.304798603567314,0.724293619009346
8345,0,0.354018039201763,0.649295500088241
8357,0,0.474938177868006,0.604197944657892
8364,0,0,0.673313467530615,0.976266220397773
8373,0,0.247162486391437,0.768284981854398
8376,0.209868206288587,0.643113856828551,0.971714797442700
8377,0,0.258181585126181,0.717433829071094
8380,0,0,0.436854367232171
8389,0,0.0873710786807171,1.00507664526146,1.25461132904800
8392,0,0.262541729299096,0.684504838778895
8396,0.0382511112845117,0.451427072771144,1.18976570737293,1.41951787576231
8401,0,0.196523890818219,0.670052882443185
8408,0.214673634378764,0.657739291461211,0.868148687311456
8417,0,0.451208770250267,0.602169030419027
8421,0,0.523375280417960,0.767495421187252
8440,0.324438744857554,0.590102557444537,1.01828220836192,1.25150321238296
8445,0,0.340922413045387,0.835083147056406
8456,0,0.350343826790611,0.698069492844409
8461,0,0.199513270616520,0.888881231942104
8465,0,0.187898621687468,0.817529972117030,0.934052848086116
8488,0,0.407278664136357,0.753233638633660,0.929567694217655
8489,0,0.158950537716781,0.818934609710552
8504,0.127433879135562,0.599668306263526,1.04149403008483,1.41202301822504
8508,0.338419143729257,0.443562922823800,0.969918291289688
8509,0,0.304730692161651,0.597138025172123
8513,0,0.300247383073328,0.687195139078150,0.981342252621849
8520,0,0.146973069872339,0.721562796984750
8521,0,0.450034007020636,0.638550584540118,0.815966209740870
8533,0,0.342045882892806,0.584074309674149
8540,0.356400686684839,0.622184322629455,0.881725816509330
8549,0,0.174368029225706,0.713633010738291
8553,0,0.377434891742013,0.831081995992602,0.992931705877627
8556,0.303544238591343,0.489893408496600,1.04822405378457,1.21344817901339
8557,0,0.376240660862743,0.819107459452675
8565,0,0.321590826045340,0.773853339504485
8572,0.155278014191195,0.554085341503507,0.729206913970378
8593,0,0.256569206835114,0.523605289144056
8597,0,0.321785132417872,0.774665490798376
8601,0,0.295012114258083,0.744488229702274
8609,0,0.254008520690056,0.822188118577967
8621,0,0.279462296097403,0.687435888484024
8636,0.112461245882809,0.664203998902220,1.17387309262637,1.33340420225867
8637,0,0.490506573784507,0.778371328016194
8641,0,0.242492679753695,0.753940822354179
8645,0,0.410731874211643,0.696590911941650
8648,0,0.321469693513986,0.921539048310695
8653,0,0.178238818314511,0.633103145555844
8665,0,0.479057704192717,0.713283344888692,0.981581019110129
8681,0,0.201166104270774,0.890191312971006
8684,0,0,0.608036884184083
8689,0,0.305777071642846,0.635208403618084
8697,0,0.330830667289645,0.753157557020190,0.980810888577908
8709,0,0.390322626624141,0.801777811114864
8716,0.245193402089431,0.484557587479582,0.889376005253023
8728,0,0,0.490912966982806
8729,0,0.392925119246842,0.605376190319084
8732,0.246365293215463,0.541229950030091,1.17478074310006,1.23144904016766
8733,0,0.336735239905912,0.721523670581868
8741,0,0.140476306874930,0.890676899227696
8744,0,0.456075257960744,0.627964961162654
8753,0,0.427793074573725,0.541984681605923
8760,0.201875455082794,0.626309321498962,1.06912042909559,1.26097873000493
8769,0,0.135992937178665,0.830303664229830
8773,0,0.284275934515953,0.486834769470037
8777,0,0.380727107889550,0.683239007767679
8785,0,0.445335233281629,0.561032916331348
8792,0.0664722049363325,0.596276149167090,1.03612001583534,1.37419040531751
8797,0,0.331060196732855,0.759891476957210
8808,0,0.415941224067351,0.531014439175711
8812,0.225346711752140,0.577457080670607,0.786920639039825
8813,0,0.422732044939014,0.729038516060879
8817,0,0.267581786660192,0.725574121455703
8821,0,0.388372338982715,0.515466029867412
8840,0,0.508839128389809,0.690929685861125
8841,0,0.204180163954934,0.822310717500008
8857,0,0.300926431250259,0.669397843314796,0.925218347278474
8860,0.0366800393714737,0.654248353601914,0.972873276503578
8861,0,0.266946323679297,0.793260024956521
8872,0,0.409607277734959,0.522495139340839
8873,0,0.221948692051521,0.598707971941668
8885,0,0.404374731036857,0.768484992133783
8905,0,0.415375194567987,0.588650623547051,0.977092506752473
8908,0,0,0.572848942739724,0.876895937496346
8909,0,0.397846434116131,0.892687525620967
8917,0,0.317511011760581,0.758090572955047
8924,0.108916334291485,0.468877242035206,1.15974866068536,1.42930898822940
8929,0,0.130695352546560,0.758788591186470,0.873393154112663
8945,0,0.503510667705378,0.746835427394056
8949,0,0.131007733919302,0.979855818570030
8952,0.250232948940821,0.487873882063255,1.06142383393698,1.25053356317182
8953,0,0.344077989915225,0.745112315836775,0.994974667006118
8961,0,0.199420774102503,0.772344275580037
8988,0.172329545123428,0.508285284115409,0.868990442820083
8989,0,0.379829667840042,0.549171282711621
8997,0,0.179502675873024,0.791048383085557
9005,0,0.423140751179136,0.888752659688385
9017,0,0.113947681717975,0.598872507124421
9033,0,0.297045424072350,0.729843526048727
9037,0,0.338565856967372,0.670859761245865
9041,0,0.339553147811031,0.701040375749709,0.969806126128303
9049,0,0.597279840802401,0.678193677655736
9061,0,0.353351645179614,0.821750586938263
9068,0.0333218289457057,0.588255248756311,0.988806511994549
9077,0,0.433082202930256,0.853646798453124
9080,0.228062247517453,0.582959914393698,0.829883030742214
9084,0.171427786666054,0.716628799202116,1.09084744234914,1.27329590777008
9085,0,0.335809137160121,0.887800278891032
9093,0,0.371174252128783,0.702851611748886
9096,0,0.354841976870372,0.890127923670368
9105,0,0.359064945912888,0.761477620047586
9112,0.0813838135733967,0.552223904768239,0.947755534786484
9121,0,0.374060861883783,0.653056610777879,0.985747622630211
9129,0,0.283446861655803,0.688460583673336
9137,0,0.259100651567492,0.612069117257798,0.923217568382235
9149,0,0.539095311616143,0.835748211067220
9160,0,0.313575472200352,0.648959937586517
9164,0.283504179995357,0.553229735475188,0.969005282542640
9165,0,0.422199481469079,0.740457895364194
9169,0,0.395285601095020,0.860501338543855,0.918803805318753
9173,0,0.294524612813852,0.858068555160520
9181,0,0.496832158077773,0.643721375861524
9192,0,0.537101240209413,0.711953500286585
9193,0,0.196548709439404,0.448356146010528
9208,0.154760037808706,0.586670022740407,0.971902284556604
9209,0,0.281160528411460,0.600476485065154
9213,0,0.329480778094907,0.670931602643103
9217,0,0.219128602769799,0.790871467849673,0.954636009322906
9224,0,0.379878935939076,0.799693297421271
9237,0,0.178417218150316,0.740770915075026
9244,0.121864649829124,0.565682804228269,0.904668469098861
9253,0,0.503125922798776,0.694286712236832
9257,0,0.441327291027531,0.747375618896922
9260,0.0795703896154798,0.845376208324949,0.887268009536437
9269,0,0.141609718067784,0.808197150574470
9276,0.144268577977878,0.584310416311145,0.948198652989571
9281,0,0.341217678847112,0.730032740930068
9301,0,0.388012459227397,0.719415464413959
9304,0.0787396735066288,0.562697253744794,0.951570468996461
9305,0,0.258871694771260,0.686712971069730
9313,0,0.289681949373188,0.721735193425904,0.933690110125272
9340,0.251341202084552,0.497257577034764,0.802755067546016
9341,0,0.313707163453154,0.792477768027074
9345,0,0.379228808840525,0.788352562029383,0.923684347945859
9349,0,0.373883913975864,0.684695243455735
9352,0,0.152142606005093,0.606342317918884
9357,0,0.410602103985111,0.853056282301025
9385,0,0.410959051526776,0.636237328869873
9388,0.0862697883029222,0.254119508145388,0.891450241661281
9389,0,0.242742556500551,0.952739487429590
9393,0,0.218884285278735,0.780569151346734,0.976255636681074
9401,0,0.336702936438771,0.765803452580493
9413,0,0.519641711440744,0.762617356400611
9420,0.214573830769820,0.435380026719375,1.02268670939385,1.43852105050247
9429,0,0.415915297714192,0.962785401101778
9433,0,0.255168367650039,0.484418273651943
9436,0.170215403213181,0.525291646404404,0.936450661048844
9437,0,0.242025850532208,0.763274149702456
9445,0,0.238699747658547,0.680365992558445
9448,0,0,0
9452,0.0655592236426763,0.654059502962625,0.910645211771830
9473,0,0.103920623901901,0.674026217990757
9481,0,0.204234026730050,0.841763007839904
9489,0,0.365812747731171,0.709719573644562
9496,0.0917912912857966,0.478864600080505,0.903594444734424
9501,0,0.307793803228646,0.696113636539281
9512,0,0.266277903418367,0.789943547683409
9516,0.229022044101093,0.462687281247103,1.15904080743354,1.36239392908860
9517,0,0.399425905140684,0.599192136110874
9521,0,0.470662707611540,0.602787480938480,0.980022061241733
9533,0,0.342616952404126,0.800521838833171
9544,0,0.269922989161152,0.690838313110724
9545,0,0.424653529810992,0.688308161407013
9560,0,0,0.583146055104118,0.988336673000536
9561,0,0.223964262322468,0.695831771669618
9564,0.152997018986199,0.706930761485844,0.991912161694343
9565,0,0.614975467470353,0.743856045637720
9569,0,0.172507225581848,0.702205809966572
9577,0,0.333394768733285,0.639467073000256,0.948092973929681
9589,0,0.348854088083478,0.734210075182160
9596,0.160552228623257,0.563597550299948,0.973525958098329
9605,0,0.100919255892407,0.737738945404217
9609,0,0.231657614332586,0.777211394099817
9613,0,0.335507341209024,0.705051309347998,0.903244892393052
9628,0.167713057980547,0.554885848824921,0.874103295101823
9649,0,0.336238213499620,0.801574069661593
9656,0.179910211910504,0.562529953027314,1.16887560897514,1.37265090746650
9665,0,0.377087467290504,0.750050320532582,0.931733580742207
9677,0,0.409622103085787,0.703300343942611
9692,0.160604194103974,0.350370930975061,0.925835629334291
9697,0,0.224021620868059,0.711200110379370
9701,0,0.347299396573810,0.909783183006070
9704,0,0.389107961569175,0.790470051985679
9709,0,0.294731277187780,0.643497588242016
9721,0,0.424971266843292,0.744329657308129
9737,0,0.326849230740884,0.503031666037914
9740,0.0276208132426578,0.693895255358893,0.976342893821527
9741,0,0.453341370389389,0.819920745761000
9745,0,0.338978575265267,0.567274660826151,0.941835446903215
9753,0,0.206614567262053,0.745809953434382
9772,0.349056515891713,0.582672850055282,0.845663940939420
9781,0,0.279886256104349,0.714255097802149
9784,0.221682189729370,0.666208284499222,0.798125553108771
9785,0,0.514494819695552,0.822549630772869,0.982931373412106
9788,0.0341726466541906,0.655605434515117,0.778306830473076
9789,0,0.361802494292768,0.812861266215472
9797,0,0.384549509869438,0.539401137556857
9804,0,0,0.434833249862780
9809,0,0.341435674620001,0.584167475743000
9816,0.254038126643882,0.688881824327960,0.965813342098720
9829,0,0.510997862680114,0.643844358090797
9833,0,0.339034040654444,0.633511754104881
9841,0,0.295128819905842,0.688473844774540
9848,0.152155440058068,0.478944680710047,0.946478628385866
9853,0,0.304057106361393,0.667940023511310
9868,0.0368614523927319,0.605564354609184,0.931967814745168
9869,0,0.273037037654753,0.838736774808234
9877,0,0.382532456698076,0.800816491940063
9885,0,0.123158533146686,0.671981924719137
9896,0,0.307825376689527,0.933997344389537
9897,0,0.444729360071918,0.759017836577525
9912,0.0777946014244588,0.550321478242431,0.849576917458359
9913,0,0.256505890625875,0.447237129391940
9916,0.0365839079358915,0.611405599986785,0.935949789753524
9917,0,0.257961838355810,0.758644227433653
9921,0,0.384499989175601,0.568733231220425
9928,0,0.443706526077436,0.762853131118950,0.850441628316166
9929,0,0.546699800868006,0.773584915778368,0.974066315514450
9941,0,0.314216254010362,0.834046239193473
9948,0.294597113047836,0.493434322907500,0.955734500362579
9957,0,0.541420482740633,0.692206172116299
