5,2.35074848930377
8,2.34256559818965
12,1.00859600183935
13,1.98576135654663
17,1.35872004735314
21,1.87316747898306
24,1.48884771837158
28,0.979033992832471
29,1.67480393474156
37,0.342825901748031
40,1.12915794459905
41,1.02574592709347
53,0.515429439805751
56,0.684196428698019
57,0.622604080184512
60,0.32265848357518
61,1.16014008983661
65,0.778406516869863
69,0.713414715449863
73,0.599334663688071
76,0.836582978875406
85,0.708482048641554
89,0.315913202424335
92,0.239636804667452
93,0.188450465186421
97,0.420176994154809
101,1.16214191937102
104,0.435925681389333
105,0.744288575938478
109,0.719223160390635
113,0.314074839578192
120,0.776268232585718
124,0.221141727116147
129,0.869833765469103
133,0.347670175440243
136,0.49122816686877
137,0.321958240992025
140,0.820928850596473
141,0.296120071462105
145,0.592737011340405
149,0.761568613015301
152,0.368247741577464
156,0.740094050988795
157,0.515326194981228
161,0.563266464722432
168,0.405108651208157
172,0.448956194500314
173,0.882427057440731
177,0.300489837609586
181,0.416683863123337
184,0.496893618277314
185,0.217220744643855
188,0.351811891157291
193,0.415358697245591
197,0.551100554059944
201,0.222050075217384
204,0.756461494537949
205,0.6797883237083
213,0.117276619774642
217,0.698592094620378
221,0.215432088011819
229,0.118101015790588
232,0.863165329102636
233,0.664312026052821
236,0.134949836913176
237,0.78159165668406
241,0.520252800211348
248,0.708889727837933
249,0.737715217685193
257,0.442449514834558
265,0.962423313620915
268,0.194709055744935
269,0.38055893682809
273,1.02098035896684
277,0.506946187400193
280,0.37231245820375
281,0.419254392260211
284,0.493116648310702
285,0.798093927526379
293,0.621429303855486
296,0.658432837544846
301,0.225429671504692
305,0.262439082061859
309,0.422466735447021
312,0.320213506741475
313,0.216552787210703
316,0.626810908019527
317,0.0986569303067681
321,0.691239390608564
328,0.305291157010295
329,0.635199348693856
332,0.485328006657683
337,0.363943689121223
344,0.94622477341768
345,0.194809320049643
348,0.640737822097538
349,0.553549981409205
353,0.188487717589206
357,0.465804163448403
364,0.985232161002361
365,0.5644613629541
373,0.542586723103483
376,0.732998212412559
377,0.366968684022238
380,0.681272678167784
381,0.902284054081996
389,0.0801290645571818
393,0.461461014256333
397,0.202314117978907
401,0.81646055782757
408,0.29820927063212
409,0.29101689444454
412,0.277779518900055
413,0.731457012997867
417,0.497326210267196
421,0.910102206599476
424,0.467721833015675
428,0.537472360218669
433,0.195922708421811
437,0.562851795959924
444,0.352146876640622
445,0.0937104787381284
449,0.17090200905662
453,0.525864857510197
456,0.225292123551056
457,0.412731893479602
460,0.1299596142042
461,0.523015264926785
465,0.564976237250861
469,0.684225902546043
472,0.707288657877037
476,0.975768801183104
481,0.720341030670919
485,0.442119207320861
488,0.957653363049502
489,0.340658972985583
492,0.381658448738452
493,0.171452286406861
497,0.638928768108897
501,0.464663679418339
505,0.259681281954542
508,0.3928739816739
509,0.0684005584449054
520,0.282514167550331
521,0.423793864389819
524,0.713142322576734
533,0.159784873058147
536,0.650193331241964
537,0.144414873524068
541,0.361960662357634
545,0.72001222082432
552,0.629207987452087
553,0.654550057546119
556,0.556051106971096
557,0.263037190483763
565,0.261999908629761
568,0.593240984965808
569,0.372040522369052
573,0.0699316390335061
577,0.185727231799286
581,0.439163871423085
584,0.172730705726158
589,0.591076126379302
593,0.444895885880424
597,0.155646294166691
601,0.65244156389781
604,0.262193874895778
609,0.291829610747446
613,0.243005803307415
617,0.686779003591543
620,0.0937690750440904
629,0.597923958048805
632,0.818572055582115
633,0.393732504112589
636,0.372395340647503
641,0.126431272352252
645,0.510710213623212
652,0.709560891399965
653,0.394083914862713
661,0.234761251060447
664,0.96240918628299
665,0.291568656029821
668,0.387981691593978
669,0.421865021762296
673,0.521646817952409
677,0.559992505099238
680,0.188970866843854
681,0.190233552952212
685,0.416187733918087
689,0.412693033983107
696,1.04024846553215
697,0.508789621891804
701,0.474053483480259
705,0.919265278663819
709,0.0807104030075096
712,0.578466272539802
713,0.137438527294209
716,0.0858729086868226
717,0.587320866034702
721,0.48040585359375
728,0.496321998399301
732,0.524343124788086
733,0.51634354644241
741,0.388730725001345
744,0.577691586685374
745,0.520715453933469
749,0.991398645453473
753,0.134712499126201
757,0.168705835943678
760,0.236940013716079
761,0.432788765777095
764,0.258787803253983
769,0.445931822056323
773,0.125680384189594
776,0.75171856569478
777,0.520079716441015
780,0.575055577374857
785,0.136716116834721
789,0.754352976014741
793,0.414448414800705
796,0.428047271961769
797,0.180579216728668
805,0.632928039185604
808,0.222928425074
809,0.495146471840969
812,0.209816564980303
813,0.546437730217933
817,0.757783896698545
821,0.280526289842014
824,0.510573421773882
829,0.0632847785183481
840,0.189221830861523
844,0.486723050256996
849,0.453772882899957
853,0.430238901508541
856,0.224416058729043
857,0.428454409755104
860,0.451505913880205
861,0.112437250800953
865,0.38812479280523
872,0.397021610436969
876,0.453445664317019
877,0.17221612579633
881,0.346621284052435
885,0.169601868143549
888,0.673311281696724
889,0.325788065977375
892,0.11124059495843
893,0.496787316103412
897,0.410217610328567
901,0.638073666385316
904,0.399306092342719
905,0.137999479380625
908,0.554521049109972
917,0.27092295615812
920,0.524606030336746
921,0.355896317219006
929,0.220455413617281
933,0.790097440598456
937,0.538467880737454
940,0.48144250637335
941,0.435018632315341
949,0.282728317534575
952,0.310567140415842
953,0.230826297018316
956,0.404971776946665
965,0.749409779606112
969,0.234473504734319
973,0.409711471917427
977,0.132017568643432
984,0.168771536358677
985,0.449911629846012
988,0.235928717484079
989,0.684341552710155
993,0.121444823456599
997,0.532716288461274
1004,0.40066300650294
1005,0.0597192240813212
1009,0.244227770267231
1013,0.0517768046312444
1016,0.184278650462089
1020,0.420882517221994
1021,0.129200046344046
1032,0.372717006338317
1033,0.425538420231307
1036,0.444152017244254
1037,0.234251728946932
1041,0.577807330597683
1048,0.193160650723776
1049,0.0920487657741706
1052,0.594634235515468
1057,0.803646133423149
1061,0.054603337632425
1064,0.453930085760423
1065,0.118064296433084
1068,0.0905898967912371
1069,0.483197422083184
1073,0.365386509992682
1077,0.463702998232495
1081,0.745332833342135
1084,0.469692976976282
1085,0.522477899165444
1093,0.38588569814926
1096,0.216313250586544
1097,0.398730355237682
1101,0.280705361813005
1105,0.261415227904554
1109,1.08803257637003
1112,0.161523875958167
1113,0.564870368967794
1117,0.606471774502011
1121,0.457982744014437
1128,0.239075400449216
1129,0.210710796464774
1132,0.558005552690326
1137,0.115102322330181
1141,0.517969658087674
1145,0.363047827349555
1148,0.146619744552169
1149,0.174641958873669
1153,0.130807342539041
1157,0.33468138457893
1160,0.277080503411476
1164,0.276546604541147
1165,0.41879456611462
1169,0.20866286464082
1173,0.383449795279277
1180,0.275055677840186
1181,0.327118755227666
1185,0.301778316167365
1189,0.263287012208494
1192,0.188583192370339
1193,0.328488374150663
1196,0.611619051960656
1201,0.29914225554777
1205,0.381824893637026
1208,0.708185508945467
1209,0.415934910942891
1212,0.368326836963838
1213,0.0651678946937822
1217,0.468915040272206
1228,0.416406952899311
1229,0.43678401990372
1237,0.12753153812097
1240,0.231570847436933
1241,0.225636671829318
1244,0.249013527353983
1245,0.583364195108681
1249,0.520119949311363
1253,0.195227909358778
1256,0.586783079280899
1257,0.654241859159521
1261,0.221629954742029
1272,0.398243283078192
1273,0.289219135131349
1277,0.251205398422693
1281,0.216828289414319
1285,0.27455881371545
1288,0.188691879141719
1289,0.218749763109955
1292,0.195220101654559
1293,0.55049083590084
1297,0.310370551895742
1301,0.332639176029178
1304,0.371286194886986
1308,0.228788241778216
1313,0.515255900098652
1317,0.550298174660505
1321,0.11915280789578
1324,0.32618115880385
1329,0.0881432462740802
1333,0.531311364116215
1336,0.144465438963573
1337,0.442544264326063
1340,0.324563070472924
1345,0.586941152385211
1349,0.514553751820918
1356,0.0621545743396644
1357,0.203472848545269
1361,0.376668840265647
1365,0.197989704849293
1373,0.0601084304030122
1381,0.571765538381272
1384,0.330609605208621
1385,0.27156431208816
1388,0.545005915287932
1389,0.0466916859923562
1401,0.379016144642929
1405,0.707173952820639
1409,0.106573166336782
1416,0.698939050036404
1417,0.265906645543914
1420,0.225108741750464
1429,0.34323318617479
1432,0.321920439751229
1433,0.181889440242627
1436,0.253765599943358
1437,0.348571210997806
1448,0.377245835037349
1453,0.21964111648523
1457,0.68660708382013
1461,0.234266273100011
1464,0.311620645044315
1465,0.56680737447504
1468,0.078069607756391
1469,0.616130411769451
1473,0.627095123988285
1477,0.133935359260143
1480,0.213074993542687
1481,0.600306298075809
1484,0.394482794527782
1489,0.102061364967751
1493,0.36961921651957
1497,0.256968019077675
1501,0.109719083421809
1505,0.180964166823333
1509,0.338007278369634
1513,0.292502294211864
1516,0.0810384481846126
1517,0.477238914461822
1528,0.445305108154367
1532,0.0665081599742107
1533,0.320713818376031
1537,0.459076433005337
1541,0.149165489051995
1544,0.253535830379128
1545,0.210029310068138
1549,0.239119607781573
1553,0.226070659572562
1560,0.50866865489644
1561,0.393845123733269
1564,0.50167459725307
1565,0.167865412984179
1569,0.614136511526188
1576,0.734656348085353
1577,0.252538131941971
1580,0.397639879479751
1581,0.412886017028974
1585,0.31803090764985
1589,0.0837331398866948
1592,0.425550288021724
1596,0.126207240865634
1597,0.242300152626711
1601,0.390275394816099
1605,0.304944597903444
1608,0.5106021657655
1609,0.192723631939581
1612,0.41315859177517
1613,0.582864242549672
1621,0.209536596662308
1624,0.374894237349739
1633,0.181940938652653
1637,0.0407584838932382
1640,0.139618310561634
1641,0.408233301553216
1644,0.344238825398088
1645,0.25973218423415
1649,0.325855880836796
1653,0.107960280972149
1657,0.364451568845088
1660,0.304142306843897
1669,0.581657534676978
1673,0.187418696180292
1676,1.00733164934533
1677,0.10623724076468
1685,0.171861155097148
1688,0.344092098352474
1689,0.334678386492718
1693,0.633816409733799
1697,0.53900201980464
1704,0.455267841131444
1708,0.212996415450271
1709,0.394740410671496
1713,0.592428417476329
1717,0.119114279216764
1720,0.301762483690164
1721,0.0883600238113721
1724,0.221600368554876
1729,0.424185179460605
1733,0.546209979435477
1736,0.123937678694062
1740,0.383393555506677
1741,0.358532056705646
1745,0.398992760197263
1752,0.14295172251441
1753,0.577101002745971
1756,0.567094300460073
1757,0.420448524649541
1761,0.249219476295315
1765,0.167604419743326
1768,0.502554629375245
1769,0.149219001134499
1772,0.206500304446257
1777,0.275398897788427
1781,0.528390909543969
1784,0.351915420860153
1785,0.409348431805201
1788,0.555600452111265
1789,0.350072108580624
1797,0.272083626478625
1801,0.413334675451752
1816,0.443718274062317
1817,0.406351586571173
1820,0.281757469142165
1821,0.42394403484165
1829,0.326605654803142
1832,0.387560759254336
1833,0.533425550994183
1841,0.64991153863083
1852,0.31007936462835
1853,0.094443443244583
1857,0.397469965062973
1861,0.38684229266127
1864,0.702569664689203
1865,0.429562669309311
1868,0.0574002220723817
1869,0.539150623400343
1873,0.331169395936337
1877,0.322342223458623
1880,0.497712033763522
1884,0.0619115812845681
1885,0.116442774231496
1889,0.534093614709043
1893,0.0452758586803289
1896,0.245341187891613
1897,0.702696329770381
1901,0.0387198300985379
1905,0.450607134706488
1909,0.218812779918023
1912,0.593865198371587
1913,0.453338519263525
1916,0.596188694115361
1921,0.352357400432541
1928,0.833087107675751
1929,0.0938519698217013
1932,0.223252016302364
1933,0.415133082808172
1937,0.675110775469116
1941,0.123065160185177
1945,0.112741807324424
1948,0.0958732908026061
1949,0.597829618229413
1957,0.41620210931038
1961,0.176151524080054
1964,0.425463425929363
1965,0.460708019060413
1973,0.119809448385031
1976,0.168016363368553
1977,0.471815505535745
1981,0.209588460745918
1985,0.702999584837938
1992,0.270620853081232
1993,0.341381299193548
1996,0.628114706242709
1997,0.328615109016952
2001,0.444639191899821
2005,0.196995372291571
2008,0.475945835330952
2012,0.663642207944674
2017,0.149290589336508
2021,0.295077724106961
2029,0.124436851281908
2033,0.832327351571907
2037,0.503441309565049
2040,0.106169856934072
2041,0.341905917859473
2044,0.130061401395155
2045,0.492042678863893
2049,0.176945660535378
2053,0.387027854738499
2056,0.368234906776609
2060,0.283570866443992
2065,0.383413225509705
2069,0.272843821982528
2072,0.129954888557413
2073,0.147658036357844
2076,0.39534327064796
2077,0.140475118354182
2081,0.438687700695816
2085,0.481459013374802
2089,0.425945696700742
2092,0.303288762345902
2093,0.168909376732053
2104,0.183824341191229
2105,0.321897714809216
2108,0.372008631161227
2109,0.353354876120242
2113,0.22183481743684
2117,0.290913781785416
2120,0.62643960274964
2121,0.188212431171433
2129,0.401724236419348
2136,0.583725525856122
2137,0.172654517612639
2140,0.588236009061119
2141,0.46411978673918
2149,0.381927646752397
2152,0.435259047234018
2153,0.353793609386202
2157,0.135202281355954
2161,0.0921857425471216
2165,0.146468367445377
2168,0.110508045261065
2172,0.196362239466534
2173,0.249728668385032
2177,0.261929285370055
2181,0.215307299094804
2184,0.500144931436144
2185,0.267821759643077
2188,0.354462007343325
2193,0.703803683681797
2201,0.218792346307113
2204,0.105287954486727
2213,0.210458340609577
2216,0.277215590472196
2217,0.335948930194723
2220,0.341287776416852
2221,0.496871547155946
2229,0.531815963261242
2236,0.118196832649369
2237,0.180114725535461
2245,0.344972586499007
2248,0.728755183056177
2249,0.186740217258621
2252,0.427699347719179
2253,0.212799997342596
2257,0.373225046499453
2261,0.551798760245517
2264,0.20495759422638
2265,0.363339198957055
2269,0.050292978846756
2273,0.401256607184928
2280,0.124123690552538
2281,0.301256620236744
2284,0.40039882367376
2285,0.380351900046173
2289,0.162073376797054
2293,0.0581883245471568
2296,0.399166865599042
2297,0.097556852813402
2301,0.474141205123548
2305,0.527599187026553
2309,0.564900866417469
2316,0.263166242675476
2317,0.413445934443358
2328,0.326003316546155
2329,0.201847464245736
2333,0.0514258265637055
2337,0.455149908170262
2341,0.121595989930184
2344,0.112639187146668
2345,0.28481156266973
2348,0.122008428828737
2353,0.242655302051187
2357,0.382054746003699
2360,0.406934621293055
2361,0.453835395907817
2364,0.55502592549705
2369,0.141836606143969
2373,0.287779088511584
2377,0.120692817584742
2380,0.727684482212804
2381,0.182529244704219
2389,0.415833839500372
2392,0.129384412664975
2393,0.403958223194686
2396,0.110658335781961
2397,0.406934750432849
2405,0.501150000162218
2408,0.45042441722976
2413,0.0979130314887822
2417,0.319400715699628
2424,0.123067885568815
2428,0.452901556683198
2429,0.0839047737106749
2433,0.130874381376774
2437,0.293389100165488
2440,0.359173979613095
2441,0.574551869255201
2444,0.348443460234356
2445,0.360859960493212
2449,0.251325883391023
2456,0.290471038286542
2460,0.50622942090959
2461,0.292140591186559
2465,0.184812342065775
2469,0.253178447408566
2472,0.430658916593675
2473,0.116027186641197
2476,0.0605413215167195
2477,0.414238583711013
2481,0.421229472207622
2485,0.388982822133134
2488,0.440701527888724
2489,0.608294277099493
2492,0.470957776970984
2501,0.191929418088265
2504,0.288296736789651
2505,0.535985299143197
2509,0.169705433802909
2513,0.332276106854392
2517,0.159001789062524
2521,0.234069924890283
2524,0.084815071679093
2533,0.115425023873649
2536,0.542145114243822
2537,0.383874400949297
2540,0.439509151927429
2545,0.0913934550310564
2549,0.499462296287613
2553,0.0884150226873497
2557,0.047845399898314
2561,0.297049167423382
2568,0.13401568207813
2569,0.238596237935699
2572,0.235215437219412
2573,0.332969551693021
2577,0.278572118017282
2581,0.52027775015416
2584,0.309269171364223
2588,0.16456735493989
2589,0.304550621416054
2593,0.139680337596042
2604,0.424243821539528
2605,0.0531867639674373
2609,0.63126875020203
2613,0.486090807476255
2616,0.804501166719217
2617,0.470819221119563
2620,0.333318432287223
2621,0.138869698059802
2632,0.624817677916755
2633,0.191956885949266
2636,0.482976060894927
2641,0.262014517699047
2648,0.490798738413188
2649,0.289331703795758
2652,0.10749360313717
2653,0.60049863871469
2657,0.212589555739087
2661,0.326780021686429
2665,0.182339141362571
2668,0.50092617056039
2669,0.449265012052351
2677,0.0450879373456713
2680,0.5292076666254
2681,0.336473847504052
2685,0.221424745729871
2689,0.102263992649583
2693,0.197913079836006
2696,0.117847449645439
2697,0.19547898417316
2701,0.337088138217872
2705,0.514977804396801
2712,0.327452662053846
2713,0.351124710652605
2716,0.42120536378869
2721,0.133587597306854
2729,0.264306635529287
2732,0.121281871189438
2733,0.319037406583137
2737,0.568153911586599
2741,0.322639661872043
2748,0.0614068139822451
2749,0.304053610935934
2753,0.0818098624591088
2757,0.429852885226277
2760,0.576397388225522
2764,0.315066085854409
2765,0.137285001740478
2769,0.180565241189836
2773,0.102030537758479
2776,0.142953653888071
2777,0.352233923258393
2780,0.380007657822492
2785,0.424992896305623
2789,0.303987762991478
2792,0.0970404846596017
2796,0.274735333259623
2797,0.110055593258314
2801,0.393366715568149
2812,0.502086096840633
2813,0.100843999954726
2821,0.421928712972276
2824,0.443012953275098
2828,0.395547035688079
2829,0.41621705728004
2833,0.317526961194251
2837,0.391050952282196
2840,0.383421187827955
2841,0.0698709725963694
2845,0.217423092196299
2856,0.622351555334116
2857,0.424813152306155
2861,0.0899745144770987
2865,0.0940797183923693
2869,0.164010567986974
2872,0.14312116482285
2876,0.0412617430288031
2877,0.476112747867101
2881,0.376269028448283
2885,0.17645861644084
2892,0.470279265132977
2897,0.741229026924229
2901,0.655718179784026
2905,0.227584977508076
2908,0.328633919658583
2909,0.193007458861754
2913,0.0818041842424673
2917,0.290179056033117
2920,0.155201949484269
2921,0.265702877310368
2924,0.397999565068423
2929,0.358830371405547
2933,0.381900366434384
2936,0.349905476198225
2941,0.183050386335514
2945,0.285950446395962
2949,0.127125677524337
2953,0.190814995047955
2956,0.150874313542084
2957,0.225277963161005
2965,0.513539583039719
2968,0.309784254256967
2969,0.323672724845959
2972,0.244958666980999
2973,0.332085187640406
2977,0.325748778507219
2984,0.121933660498763
2985,0.1413707691992
2993,0.165816444168386
3001,0.0814849435717726
3004,0.173182659768406
3005,0.262619825205327
3009,0.513715511454676
3013,0.130130338478259
3016,0.420941625989124
3017,0.147974629544498
3020,0.401356835565125
3021,0.389893689268934
3029,0.814018344192665
3032,0.402859143971732
3037,0.238921060288991
3041,0.124558110753659
3045,0.393304469499099
3048,0.108948259902436
3049,0.43723397994879
3052,0.128846969189628
3053,0.288629276923321
3057,0.262248853077345
3061,0.154111946106142
3064,0.417044408649241
3065,0.481005541087985
3068,0.147970798454126
3073,0.214144678929629
3077,0.38701215015055
3081,0.160991681334424
3084,0.676167125605029
3085,0.260342211607201
3089,0.240816509004709
3093,0.305074855040712
3097,0.544817278902726
3101,0.419413428423205
3109,0.279354172989166
3112,0.238132169948225
3116,0.452598535201854
3117,0.130340916631054
3121,0.28303621310144
3128,0.101291797543193
3129,0.772981178979964
3133,0.298822144357748
3137,0.263800989073187
3144,0.114395614954586
3145,0.414958422095854
3148,0.120484189620353
3149,0.117516354373848
3153,0.174451710298732
3160,0.227057105629579
3161,0.19291368971241
3164,0.38372200179534
3165,0.316924154096034
3169,0.0726001030187651
3173,0.073733847261401
3176,0.582406136240092
3180,0.130648218692674
3181,0.469791901435344
3189,0.404355649466591
3192,0.219928549221502
3193,0.454685034744538
3196,0.219456177154614
3197,0.339639128909973
3205,0.0442125436693988
3208,0.501010525825062
3209,0.231589488860612
3217,0.124637811493266
3221,0.323899173119483
3224,0.320680890943653
3228,0.385450853495432
3229,0.23629554338403
3233,0.461004609866793
3237,0.232619107575767
3241,0.204094893346305
3244,0.476859568542092
3253,0.400916998343164
3257,0.172935893046418
3260,0.265078485373827
3261,0.066460653898272
3265,0.0899293745562897
3269,0.346774691253694
3272,0.687458724285844
3273,0.373634101547917
3277,0.4180714431608
3281,0.14843429598329
3288,0.466436384794952
3292,0.0618523250544663
3293,0.298221939413418
3297,0.385955227286237
3301,0.249972891322483
3304,0.112245613663643
3305,0.0688919800046322
3308,0.282312561880915
3309,0.0315755756770922
3313,0.213816182707793
3317,0.371224622686255
3320,0.484060285380085
3324,0.451892757728198
3329,0.282273492679962
3336,0.108279269370045
3337,0.167724294178859
3340,0.560728683008227
3341,0.293400059781828
3345,0.193742724114095
3349,0.0763329781228005
3352,0.267431205281889
3353,0.317881668441822
3356,0.0418317555098129
3361,0.257968851194639
3365,0.432614185649775
3368,0.254118642489508
3369,0.548983340719231
3372,0.41957527399857
3373,0.369912232486825
3385,0.178742022178673
3389,0.0947950043736119
3397,0.32696835148366
3401,0.242608572101834
3404,0.295713684854228
3405,0.445834969422426
3409,0.350849520826287
3413,0.0514791310315577
3416,0.49584242510141
3417,0.290469456369951
3433,0.532847836920625
3436,0.0529593552398926
3437,0.0721538531733517
3441,0.0697477500416284
3445,0.440909972766701
3448,0.12105232607238
3449,0.436257537156185
3452,0.476827503958961
3453,0.33390231051948
3457,0.0737814125147615
3461,0.555387514833993
3464,0.196362284978644
3469,0.0472306615015029
3473,0.476665057046529
3477,0.24081609197499
3480,0.196031874632785
3484,0.253868730407008
3485,0.252509063535016
3489,0.327751559813766
3493,0.452726577985821
3496,0.0944970401597284
3497,0.331625232217341
3505,0.465349089320638
3512,0.19060286944421
3513,0.377729340842997
3516,0.524730390473766
3517,0.26310889364921
3521,0.167707521758579
3529,0.0841454103633402
3532,0.134818297925934
3533,0.571716812258784
3541,0.612550000668541
3544,0.386257503158215
3545,0.0606264351363915
3548,0.361738758532419
3557,0.0508753242380908
3560,0.342618918301546
3561,0.491278454138254
3565,0.119292379273537
3569,0.678417167156576
3576,0.27619113708421
3580,0.173611607279994
3581,0.387917219261487
3585,0.415563022928364
3589,0.103567211121512
3592,0.253743731797287
3593,0.32995690786947
3596,0.501574044854389
3601,0.729251360026304
3605,0.336665986581478
3612,0.110085896023133
3613,0.473490340964444
3617,0.0672387966161778
3621,0.333319247777091
3624,0.37974005305329
3628,0.567570826183538
3629,0.284719267334108
3633,0.17548885939585
3637,0.298732026258865
3640,0.336163075138345
3644,0.184253106504664
3649,0.319677739829876
3653,0.147563855892817
3656,0.185115942729291
3657,0.149207961683264
3660,0.451498464654431
3661,0.664284241435557
3665,0.408912962839869
3669,0.405694807336234
3673,0.420985382418855
3676,0.407686768010238
3677,0.254813477941273
3688,0.289859861240818
3689,0.611860341546117
3692,0.266561730736488
3693,0.34627071645965
3697,0.115132710771793
3701,0.0535730857625095
3704,0.351415728060291
3705,0.145570418592709
3709,0.446109097488322
3713,0.455477279978219
3720,0.573306698092871
3733,0.482589975123699
3736,0.375559165502519
3737,0.561613378740805
3741,0.346881169791997
3745,0.363274691671589
3749,0.0772258630242673
3752,0.116565857815317
3756,0.291815344173358
3761,0.394375666094983
3765,0.170594973615355
3768,0.177398200347788
3769,0.453097153053021
3772,0.172656584933058
3777,0.0896599220898147
3781,0.262792849812584
3785,0.283961451760365
3788,0.201318403021746
3793,0.637639752283323
3797,0.424252150039038
3801,0.265603900258942
3804,0.0450809861525863
3805,0.190574538120614
3809,0.139271136036148
3813,0.432245625928724
3820,0.168039951819421
3821,0.432978203158065
3829,0.170908328967751
3832,0.335581557160413
3833,0.103149912522839
3836,0.27228209112166
3837,0.238363232852621
3841,0.242458439234316
3845,0.35758678214178
3848,0.0851274292088344
3849,0.456784952597603
3853,0.0823282521516037
3857,0.403764237078574
3864,0.270154410431569
3865,0.619070334776243
3868,0.3013872612356
3869,0.458615613150431
3873,0.522630489677191
3877,0.150671067287601
3880,0.337450628907828
3881,0.193270948318552
3884,0.110864875972467
3885,0.406599895208667
3889,0.394551220235066
3893,0.159707338169665
3896,0.395062078213106
3901,0.433364301843451
3909,0.205693849209141
3912,0.392100636842034
3913,0.332126359386336
3917,0.255437413813197
3921,0.582510425265768
3928,0.343289639116764
3929,0.347474061357306
3932,0.0500436106044432
3937,0.195342366345533
3941,0.302632631135416
3944,0.344337020248081
3945,0.233435841262271
3948,0.421407801390506
3953,0.362809760333602
3957,0.32603331602599
3961,0.345447155593121
3964,0.106166160476644
3965,0.0565897015589102
3973,0.376330086783312
3976,0.127179850643326
3977,0.23612476442293
3980,0.207880195747726
3981,0.359223524434738
3985,0.0962321422641162
3989,0.378694492376504
3992,0.281862651869741
3997,0.578716898818797
4001,0.585777303365375
4008,0.104987940803039
4009,0.151096080371268
4012,0.32803895128997
4013,0.136843812095063
4017,0.335079568520171
4021,0.507161938875494
4024,0.624571027442188
4028,0.353726642933806
4029,0.194006533981749
4033,0.259944595659381
4040,0.267232049817067
4044,0.643069635491164
4045,0.426260237559206
4049,0.19127515367478
4053,0.21566602549377
4057,0.108278474179227
4060,0.332665002921483
4061,0.457244344889568
4065,0.359974897601334
4069,0.449307802417054
4072,0.351302843821957
4073,0.19840791936708
4076,0.371795198317662
4085,0.685822640922468
4088,0.397453201840419
4089,0.39434129427504
4093,0.159634127766639
4097,0.567472290110622
4101,0.0613140950055195
4105,0.329287176385127
4108,0.109844630466537
4109,0.192122681167833
4117,0.0381418043797391
4120,0.332205963767346
4121,0.156493734168943
4124,0.294331462724077
4129,0.0894295702416389
4133,0.418007766334829
4137,0.301477448779718
4141,0.178997340785553
4145,0.240771539312093
4152,0.558589060727001
4153,0.27467693253389
4156,0.236559261759102
4157,0.492623473827156
4161,0.231949286424009
4168,0.445074619445834
4172,0.670021293229799
4173,0.243169855195094
4177,0.248238620604171
4181,0.0422268312675809
4184,0.084921372565306
4188,0.255817702014589
4189,0.300048641791898
4193,0.461937209255352
4197,0.274795310500812
4201,0.380418700904022
4204,0.4023190067651
4209,0.384687508660892
4216,0.102874067450487
4217,0.388691931258346
4220,0.34414235367638
4229,0.0927558362232062
4233,0.501261909521758
4236,0.144952417798217
4237,0.220643472957039
4241,0.271677515260158
4245,0.38816299926892
4249,0.460496197886529
4252,0.542714961635484
4253,0.279551269667024
4261,0.0915645621539737
4264,0.267017848051576
4265,0.369517862274331
4269,0.262886223394122
4273,0.0751279933448281
4277,0.132950684309758
4280,0.241464822689744
4281,0.36624577866756
4285,0.33762964613703
4289,0.433448364384162
4296,0.503558533177466
4297,0.18940029594692
4305,0.154698235390775
4309,0.297848165671025
4313,0.134551762260773
4316,0.318404236861537
4317,0.121202608438012
4321,0.289133029824806
4328,0.0891218032348303
4333,0.27047894646859
4337,0.20195896318489
4341,0.425206363762851
4344,0.364216936332436
4348,0.502127594155221
4349,0.134222393527788
4353,0.28308315230376
4357,0.23575953239665
4360,0.686138384181976
4364,0.243691655765398
4369,0.386275633011077
4373,0.432022423527529
4376,0.655287867304506
4377,0.328371858527528
4380,0.663084463186399
4381,0.206632346923597
4385,0.2985153263069
4393,0.286661596997961
4396,0.433408044813579
4397,0.301123991118768
4405,0.0425065678152887
4408,0.500065287449296
4409,0.131033704291461
4412,0.0516218375412149
4413,0.418511812070566
4417,0.195651664309297
4421,0.477099213588374
4424,0.182695013232439
4429,0.40260391633497
4440,0.42133465319461
4441,0.421001495907089
4445,0.187566241776129
4449,0.345567278581244
4453,0.0990112894781361
4456,0.101093279306044
4457,0.248810177309405
4460,0.237780716505921
4461,0.308227819042715
4465,0.200733891545961
4469,0.0504394426612669
4472,0.557745593402455
4476,0.409515936054495
4481,0.600758527564076
4485,0.357841579849391
4492,0.111737605374175
4493,0.0989968680919421
4497,0.189461285507927
4501,0.430629733021965
4504,0.644701207121169
4505,0.35317250190339
4513,0.292161018209486
4517,0.526592191950137
4520,0.429164761388334
4524,0.0932113446858684
4529,0.471581985654854
4533,0.243763337639485
4537,0.189921344291917
4540,0.446314724810797
4541,0.104828033233636
4549,0.297047103712924
4552,0.400604573773787
4553,0.195540143976472
4556,0.306881702560869
4561,0.418614648794171
4568,0.447480681739905
4569,0.0666172494811014
4573,0.459901528941831
4577,0.816721730775634
4584,0.445850326046959
4585,0.330267887771127
4588,0.28016547674255
4589,0.448709644442598
4593,0.358336591476641
4597,0.37735070248943
4601,0.141409482201311
4604,0.42352887630565
4605,0.381202931994744
4613,0.134361226679565
4616,0.533132152206884
4621,0.159367721176971
4629,0.183103011696784
4632,0.189158292959347
4633,0.326006304411183
4636,0.121144384795414
4637,0.428127643336032
4641,0.409861193605076
4645,0.259375756851922
4648,0.361460963796667
4649,0.104484405178535
4652,0.400233424504923
4657,0.0854430472321539
4661,0.464467410300516
4665,0.54393821408911
4668,0.039009911005355
4669,0.0756145374400803
4673,0.396423650412679
4677,0.336141573475125
4681,0.434897454059974
4684,0.177751671601105
4685,0.314677519768333
4696,0.364108607361422
4701,0.69509538399929
4705,0.26588755744256
4709,0.463494280586561
4712,0.32912373758179
4713,0.183896802196914
4717,0.076135016776673
4721,0.461520968676566
4728,0.712895733845022
4729,0.210601203375531
4733,0.0308795845985014
4737,0.433743564139153
4744,0.182283606816176
4745,0.732931883183451
4748,0.455175261385042
4749,0.626412679733379
4757,0.15909471772049
4760,0.213204942727414
4764,0.101061171060101
4765,0.316748574567598
4769,0.351866200981232
4773,0.264733545464838
4776,0.167353675835246
4777,0.186556562021347
4780,0.411473195376721
4781,0.444286562511265
4789,0.573720202439182
4792,0.312931992182864
4793,0.393314468205894
4801,0.191892378120554
4808,0.306212518886077
4809,0.425207121918861
4812,0.0891469707882984
4813,0.119810575265903
4817,0.178125929918436
4821,0.136409547522659
4828,0.319679383354984
4837,0.315075012533774
4841,0.599208406086527
4844,0.244637575209157
4845,0.339574513501485
4849,0.571867845248202
4853,0.482796171180203
4856,0.156583250800185
4857,0.423905509223014
4861,0.425586694527209
4865,0.704309138367485
4872,0.450362882877797
4876,0.197597070422849
4877,0.321127720103392
4881,0.138882430343252
4885,0.401035134692568
4888,0.40674715509289
4889,0.291162914132823
4892,0.32763218947847
4893,0.0667635858193325
4897,0.162276326136086
4904,0.640198445119898
4908,0.223878432374615
4909,0.0404772135912397
4920,0.0813326682135363
4921,0.18467182494635
4924,0.255486689262332
4929,0.140823624456125
4933,0.0737917508355968
4936,0.45084044032623
4937,0.256780031768853
4940,0.0806431454013035
4945,0.438164357417758
4952,0.470799385020447
4953,0.518020852686333
4956,0.406109968138252
4957,0.3707327822403
4965,0.0921040425061623
4969,0.461887653963246
4973,0.100848297904721
4981,0.342719304190019
4984,0.10220201761272
4985,0.396341814508361
4988,0.262573325184008
4989,0.55899543738613
4993,0.195747044421013
4997,0.161968144190183
5001,0.54755363877103
5009,0.306520765888482
5017,0.158224193600777
5020,0.0671194271286195
5021,0.374895634444329
5029,0.394341482887124
5032,0.320999662400678
5033,0.34475373757506
5036,0.184175289026034
5037,0.293389113906485
5045,0.393712987688504
5048,0.131526784513425
5052,0.565534653748106
5053,0.0671975013171144
5057,0.483171827904979
5061,0.778905538598109
5064,0.614350625887595
5065,0.088561896857321
5068,0.326891358128002
5069,0.133955147487178
5073,0.389003849799413
5077,0.388836769712839
5080,0.0926405337945037
5081,0.42964656251936
5084,0.380558738518965
5089,0.316959454518513
5097,0.13734592695426
5101,0.234723307585618
5105,0.1355227192452
5109,0.829899826219228
5113,0.248641191849415
5116,0.276829496373299
5117,0.326135605309453
5128,0.172367829124484
5129,0.168207695975413
5132,0.155994835671952
5133,0.355749396946487
5141,0.0570939373782877
5144,0.523802452622395
5149,0.30537010550186
5153,0.0823499069314234
5160,0.460320095849743
5161,0.253527305685596
5164,0.0865568319927239
5165,0.502605845260879
5169,0.191712526886814
5173,0.779565990017823
5176,0.25732267554409
5177,0.406881948542528
5180,0.352108102871157
5185,0.55898651717182
5189,0.362772605139391
5196,0.037510630651813
5197,0.417324004967073
5201,0.227509595738145
5205,0.34457922152415
5208,0.102042572590876
5209,0.322558712254771
5212,0.270423159434866
5213,0.320823299624475
5217,0.13493839453991
5221,0.341368681224148
5224,0.402730754722611
5228,0.177961991853505
5233,0.419885085748021
5237,0.0368923650959369
5240,0.0868402422164736
5241,0.34129341912442
5244,0.401643508385158
5245,0.0417929446296784
5249,0.529512688103662
5253,1.37917785721461
5257,0.277767123919506
5260,0.296337907437707
5261,0.143714614534597
5272,0.250183909695184
5273,0.07676828263499
5276,0.333269043299059
5277,0.536997149182965
5281,0.0652514605613094
5285,0.127806956628894
5288,0.415373855621766
5289,0.500136697867456
5293,0.31901009499456
5297,0.129804799041232
5304,0.461280885651364
5305,0.218250407700471
5308,0.351474887745858
5309,0.176217212903323
5317,0.175510625893337
5320,0.532480507328472
5321,0.451342310694472
5333,0.160992834902928
5336,0.623993001679198
5340,0.0371851928572261
5345,0.260706829761139
5349,0.101014954217478
5352,0.4119163508718
5353,0.299504821080814
5356,0.466246044446077
5361,0.322755937599089
5365,0.583492041950288
5369,0.552149832834487
5372,0.223648704717531
5377,0.175587720718478
5381,0.356164926143422
5384,0.183799726696366
5385,0.265347095137899
5388,0.0423094348837846
5389,0.205041673317787
5393,0.0635145282330621
5397,0.278889243347783
5404,0.297101455413076
5405,0.0579690672492748
5413,0.280320100416632
5416,0.116652479634817
5417,0.114924068547865
5420,0.262038356627128
5421,0.113317271629293
5429,0.536555560098902
5432,0.0920582860786207
5433,0.493873805960303
5437,0.0645154019282907
5441,0.459013951809203
5448,0.103689272573359
5449,0.0688395744411768
5452,0.226286092866867
5453,0.203925096415995
5457,0.130189106997818
5461,0.137234401359486
5464,0.377293985977363
5465,0.176839767254956
5468,0.328582928130781
5469,0.539503144972801
5473,0.38932431824469
5477,0.439756714674456
5480,0.440736771069662
5484,0.412021815615069
5485,0.345759881675789
5493,0.167446342356258
5496,0.301549758013701
5497,0.342630836863222
5501,0.17632080905422
5505,0.0553020836192186
5509,0.0614676389132897
5512,0.734128703493135
5513,0.31085544203136
5516,0.351683841302497
5521,0.357743176403384
5528,0.541889120275419
5529,0.367776683334824
5532,0.512439012146048
5541,0.212060722648017
5545,0.406026098099872
5548,0.540354611546356
5549,0.124273802591031
5557,0.35856226095227
5560,0.0977990703975726
5561,0.15196908297417
5564,0.0662802604507904
5565,0.54057239394366
5569,0.0770072663631741
5573,0.606339017323513
5576,0.256730160428536
5581,0.176917079772782
5585,0.312406913148857
5592,0.231766485659735
5593,0.340823094525758
5596,0.316503200970808
5597,0.136756623906004
5601,0.139591587554796
5605,0.415345512503548
5608,0.118419130941067
5609,0.343298912876851
5612,0.457712778974276
5613,0.266418910088804
5617,0.341756624907341
5624,0.224569588012859
5628,0.377397311309
5629,0.345799462929281
5633,0.113453910885562
5637,0.125074312007465
5640,0.474979560277696
5641,0.176617025782805
5644,0.471336369864534
5645,0.298273635656412
5649,0.356038841171375
5653,0.252096290734824
5656,0.464315148330774
5657,0.0721041426917308
5660,0.377577867775816
5669,0.261776696343534
5672,0.532926133249401
5673,0.290133931947844
5677,0.741843584317843
5681,0.129796559188082
5685,0.213679275055171
5689,0.343935113218373
5692,0.0590228964360205
5693,0.293207563750147
5701,0.0932899060331548
5704,0.484052839819818
5705,0.459342668502624
5708,0.43667790707098
5713,0.190415189588901
5717,0.136356804193629
5721,0.111336908627834
5729,0.191291061775459
5736,0.292930529086675
5737,0.374956005734894
5740,0.0948130675082133
5741,0.152369214402508
5745,0.291672177922457
5749,0.560357361321487
5752,0.438749783525809
5756,0.153289084031008
5757,0.0640050074526041
5761,0.232790154789437
5765,0.104728789190173
5768,0.147288538557875
5772,0.165310460584698
5773,0.237451857081271
5781,0.49394004539529
5784,0.156165918697331
5785,0.223321147535831
5788,0.477347185786486
5789,0.214861655530566
5793,0.238343099689512
5801,0.673008790879638
5804,0.219044120450112
5809,0.0686958355950132
5813,0.0860317153997684
5816,0.266312392597105
5817,0.130803005798509
5820,0.293730110524874
5821,0.232538834042402
5829,0.331631083959642
5833,0.159876810452774
5836,0.521635750723533
5837,0.512097258029109
5845,0.0791867999829943
5848,0.37161227461133
5849,0.217830979028014
5853,0.205838223662055
5857,0.293583648988452
5861,0.199856185154112
5864,0.130087782903427
5865,0.237682291221482
5869,0.291580879881592
5873,0.155178042974269
5881,0.15793634711113
5884,0.290628372341985
5889,0.128481576897798
5893,0.36109961331169
5897,0.065929564073823
5901,0.316077748080056
5905,0.180874958400617
5909,0.3360659485768
5912,0.192385392432344
5916,0.253633255796746
5917,0.309055679383134
5921,0.27204083937326
5928,0.499475801615277
5932,0.0453808881276515
5933,0.48246459629022
5937,0.390068900918112
5941,0.701321727963796
5944,0.519817664979513
5945,0.25477628149079
5948,0.359532139001652
5953,0.333816216032548
5957,0.423909257844678
5960,0.224796514109727
5961,0.38755029275168
5964,0.575182897840405
5965,0.049752051848449
5969,0.232081060966759
5977,0.696979938616371
5980,0.338101057428674
5981,0.497195117278336
5989,0.072980489002431
5992,0.280350295857484
5993,0.126095023898891
5996,0.121144405198829
5997,0.477742678098197
6001,0.498462876227714
6005,0.554786074987091
6008,0.345570413226919
6009,0.114814851684981
6013,0.282946972340804
6024,0.281374472042375
6029,0.029215701895238
6033,0.053059315882219
6037,0.143501441639836
6040,0.176360660502542
6041,0.409124540837926
6044,0.161405033785495
6045,0.166917572629445
6049,0.436834009837663
6053,0.108018392446351
6056,0.28829972387026
6060,0.0789897182320317
6065,0.0541538005506107
6073,0.191733502655266
6077,0.06302751802883
6081,0.37458370125831
6085,0.199706903303197
6088,0.0968365480441189
6089,0.124832957495306
6092,0.0444768476554838
6097,0.31061998047336
6101,0.328121981840046
6104,0.462275108561077
6108,0.0512633285885916
6109,0.283589586511426
6113,0.363498404697952
6117,0.0559913395842763
6121,0.211938864663657
6124,0.47638048341767
6133,0.107680896901113
6136,0.102765423254363
6140,0.427715437666336
6141,0.0324413654679446
6145,0.334753552087786
6152,0.429954744765166
6153,0.131819014830007
6157,0.414446930658163
6161,0.101881645931147
6168,0.198955333752031
6169,0.471001378396207
6172,0.489395611655623
6173,0.147714980770902
6177,0.33253940946524
6181,0.275669852745694
6184,0.479087199209251
6185,0.713115731434358
6188,0.448710177010436
6189,0.425656188818637
6197,0.0281237112354572
6205,0.0553568862338697
6209,0.239063079407876
6213,0.124722232509626
6216,0.0760376954364744
6217,0.330018104190423
6220,0.204789286608177
6221,0.372896266470457
6229,0.238914968762537
6232,0.301432516790169
6233,0.376534651408333
6236,0.541316509029679
6245,0.487897242526078
6249,0.246925445813591
6252,0.0489602719283268
6257,0.0584883818334143
6261,0.340299104428537
6265,0.252699352475288
6268,0.0972135737513268
6269,0.350258696368729
6277,0.27670650493313
6280,0.346494778359765
6284,0.234826476759757
6285,0.233217590725741
6289,0.279218335792404
6293,0.0537983388366275
6296,0.705765471703449
6297,0.064175062105638
6301,0.0295632014745022
6305,0.31585679687229
6312,0.0826462582318961
6313,0.209697142386281
6316,0.162977414933026
6317,0.17202162161805
6328,0.290324900444829
6329,0.263147291528446
6332,0.416162006042332
6333,0.175881042291468
6337,0.381577623913959
6341,0.0438220941195172
6344,0.358470831624088
6349,0.448277684079408
6353,0.335763893297997
6357,0.427338437668604
6360,0.410502387256185
6361,0.108888521388223
6364,0.316578548301706
6365,0.200219330004578
6373,0.0626838405977952
6376,0.263177172418133
6377,0.213525442998561
6385,0.0814667039640377
6389,0.255240225849727
6392,0.380530213333035
6393,0.471293198493307
6396,0.217036359657175
6397,0.320330943688976
6401,0.169480055196465
6405,0.15937082142988
6409,0.226028187699579
6412,0.280340761885241
6421,0.458404422764408
6428,0.174048619385386
6429,0.128983256677663
6433,0.1544777217408
6437,0.362381890877701
6440,0.236761243184527
6441,0.233397988332031
6445,0.413628676921916
6449,0.0513524125947713
6456,0.240659801098505
6460,0.288519034025806
6461,0.228608489647421
6465,0.347817354662858
6469,0.269386886656123
6472,0.112327034075645
6473,0.051246180947976
6476,0.412769398566487
6477,0.133977907156308
6481,0.354273596824082
6485,0.378229045500465
6488,0.314929203603738
6492,0.422468611521513
6493,0.264316733121923
6497,0.311192586482274
6504,0.0746419255507789
6505,0.231723341483337
6508,0.129788793879503
6509,0.311791605928614
6513,0.249145789468095
6520,0.185477876365337
6521,0.0758696993548394
6524,0.0793178165990063
6529,0.241208307608908
6533,0.383733244552204
6536,0.454956415737482
6537,0.195279959034387
6540,0.379287957268757
6541,0.454394218369951
6549,0.0245308748211639
6553,0.118752799903069
6557,0.0562427986454864
6565,0.120116864544039
6568,0.229030746099386
6569,0.560636687507448
6572,0.173967809531396
6573,0.387968097625665
6577,0.242695538414993
6581,0.0783362945009745
6584,0.405776278211714
6585,0.133934760974521
6593,0.164988424282747
6601,0.129276724522691
6604,0.394563981602601
6605,0.211474453859551
6609,0.0980026825428446
6613,0.481478597511254
6616,0.289388107726903
6617,0.440947735607826
6620,0.163547764883288
6621,0.247490868399356
6629,0.49369063615087
6632,0.16770267939953
6636,0.332991575522922
6637,0.185883402863116
6641,0.329003927893585
6645,0.227861350200437
6648,0.377020210651462
6649,0.468202125485685
6652,0.317502661942404
6653,0.462527500780413
6657,0.313822290776951
6661,0.449919655321782
6665,0.33813038043354
6668,0.408056927659179
6673,0.246183352449219
6680,0.0873893806859475
6681,0.749320128946523
6684,0.314632997733039
6685,0.42363126502342
6689,0.0868288240353871
6693,0.0325479983691963
6697,0.0666825829297231
6701,0.205090916185543
6709,0.345273554458909
6712,0.305977515880059
6716,0.169301067472878
6717,0.382631143222354
6729,0.336520044871606
6733,0.0331964785101317
6737,0.090780116993975
6744,0.130606027369936
6745,0.284084813648229
6748,0.208194531785854
6749,0.415918235774428
6753,0.441951720659977
6757,0.152298127113059
6761,0.259161264092168
6764,0.264013020666022
6769,0.12487602506945
6773,0.422337892831609
6780,0.119095303453499
6781,0.0991900352123594
6785,0.318752739201461
6789,0.537391797575736
6792,0.26216854176275
6793,0.308917025119919
6796,0.33520090326627
6797,0.370983414044741
6801,0.0758273529279358
6805,0.412663924129686
6808,0.231215178239141
6812,0.191187357661301
6817,0.422906601569373
6821,0.171537338104546
6824,0.117241453190355
6828,0.429934740464369
6829,0.210849906161777
6833,0.400257738411525
6837,0.3150268825883
6841,0.401124693963381
6844,0.273289658018654
6856,0.199462691142025
6857,0.239714324518645
6861,0.385953636589379
6865,0.0535693861152975
6869,0.196616953471598
6872,0.101049845486349
6873,0.21319154569133
6881,0.298475737379458
6888,0.477429250139706
6892,0.493761193981115
6893,0.253650404031138
6901,0.562779899922058
6904,0.195894388128165
6905,0.166570625495482
6913,0.0704937923617804
6917,0.655625252838815
6920,0.149458193017364
6924,0.161109872750018
6933,0.0240093297721261
6937,0.262065927167183
6940,0.411944194687046
6945,0.299462955489656
6949,0.312872553395003
6953,0.12996245646908
6956,0.18756077777019
6961,0.335009510316034
6965,0.449230780085478
6968,0.0763308020572802
6969,0.325286091210898
6972,0.0818278024564371
6973,0.247770695818022
6977,0.146722302206229
6981,0.460704864204664
6988,0.0565133769684733
6989,0.268996235822896
6997,0.190471250221415
7001,0.301897500157233
7004,0.352378723127841
7005,0.137210753833529
7009,0.285541175827284
7013,0.267584133266063
7016,0.066015998684495
7017,0.261525196405105
7021,0.11433565610274
7032,0.106437779438134
7033,0.182330693979833
7036,0.298471213087831
7037,0.387355702265577
7041,0.0472567399777298
7045,0.0784439564457046
7048,0.248993802653595
7049,0.722396139886598
7052,0.18041604560111
7053,0.181346446351217
7057,0.383410996687895
7061,0.204398300059259
7068,0.227130369599569
7069,0.436887528979481
7077,0.122451763349168
7080,0.333412691177321
7081,0.34850953732929
7085,0.200622865639167
7089,0.0949653538116953
7093,0.391183165302207
7096,0.611636583496492
7097,0.323836620161446
7109,0.0836143611159969
7112,0.368687691952905
7113,0.300834540796591
7116,0.225664992621715
7121,0.296176132813259
7129,0.0623176627727508
7132,0.0512134439702306
7133,0.0531273196213887
7141,0.351077073420194
7144,0.231224684201312
7145,0.466378197262348
7148,0.270277866194323
7149,0.325651348807493
7153,0.122202949673798
7157,0.224931575344967
7160,0.504772786714705
7165,0.542710858157597
7169,0.462000560686786
7176,0.0855836103331351
7177,0.529542328424009
7180,0.361151250787408
7181,0.178062136809166
7185,0.425198545701944
7189,0.314313400893433
7192,0.168586079638912
7193,0.36458018449134
7196,0.471655370655913
7197,0.0975827201368734
7201,0.567084103268951
7208,0.158079101034341
7212,0.18473355966744
7213,0.384681496184893
7217,0.133318212937617
7221,0.392763488512588
7224,0.23810670093425
7228,0.518785517092618
7229,0.414641096828494
7233,0.301143275426342
7237,0.367406572607279
7240,0.319975807715483
7241,0.0913842018740107
7244,0.357392989009783
7253,0.0306412556698517
7256,0.481779626754393
7257,0.168115821443747
7261,0.172473895713616
7265,0.0642442176655121
7269,0.02567069509965
7273,0.436830860090727
7276,0.283349990679816
7277,0.272151331251959
7285,0.18709041421175
7288,0.339188637412257
7289,0.288916985837105
7292,0.472363698878694
7297,0.140479073156366
7305,0.0505586520460583
7309,0.303890165724867
7313,0.265316509455176
7320,0.779111360650782
7321,0.257947201514887
7324,0.25677889605617
7329,0.252103378463055
7333,0.353793477752672
7336,0.494294691941111
7340,0.0439458273656973
7341,0.206539006562932
7345,0.27020235172917
7349,0.168540267023598
7352,0.478513076763079
7356,0.459395006807271
7357,0.137999907165867
7361,0.431060802779765
7365,0.38551052106703
7368,0.086104180786923
7369,0.198691876740555
7372,0.139471526184666
7373,0.0702593559875985
7377,0.367859569285326
7384,0.0822077899338389
7385,0.0914519479754364
7388,0.361658445855689
7393,0.234150866204248
7397,0.312497477323201
7401,0.31005164806152
7404,0.235794988002484
7405,0.227896984950628
7409,0.429840721076018
7413,0.282000466437556
7417,0.0954292143051918
7420,0.182684721867848
7421,0.272633185433686
7429,0.246195305567046
7432,0.449707371880634
7433,0.368535826151013
7437,0.250587807321913
7441,0.135043173419986
7445,0.133262434795035
7449,0.338253887795331
7453,0.262905812698519
7457,0.244098578412001
7464,0.259082345594177
7465,0.393484129043599
7468,0.271222174943862
7473,0.271856069607013
7477,0.101185899425748
7481,0.248963596911236
7484,0.287829979242203
7485,0.439975933999709
7489,0.280878841599516
7493,0.161242426825633
7496,0.0658298930562524
7501,0.246957089308946
7505,0.133963965807765
7509,0.490362579579278
7512,0.377119989320877
7516,0.125268039987758
7517,0.14230240832632
7521,0.452631330702848
7528,0.665317831357912
7529,0.0646111215611303
7532,0.270910150150371
7537,0.418483357510705
7541,0.368255386067323
7544,0.0573279046018119
7545,0.334892713859355
7548,0.165683033699081
7549,0.12937056473333
7553,0.24531284683696
7561,0.13802950292575
7564,0.165164280571903
7565,0.430468093655003
7573,0.427178550297749
7576,0.444484804396453
7577,0.127324168632859
7580,0.0922947223553238
7585,0.331822211276191
7589,0.444962206064935
7592,0.282543574291507
7593,0.189824652268719
7597,0.355210335193478
7608,0.353356938519748
7609,0.471800692141461
7613,0.209555074916574
7617,0.145134056870475
7621,0.0503581397538101
7624,0.118905132000319
7628,0.0618867875948493
7629,0.384792584082353
7633,0.444755021037526
7637,0.0545858884839086
7640,0.504807658954428
7649,0.476339321033984
7653,0.335391688432481
7657,0.167417190502874
7660,0.172788883588822
7661,0.389962804839654
7665,0.124088883976615
7669,0.230089092649472
7672,0.121821184928045
7673,0.452804095916128
7676,0.0764563857433829
7681,0.0747908410635768
7685,0.204650157661423
7692,0.184570504123519
7697,0.397187928735853
7701,0.0588930331931577
7705,0.355156631542253
7708,0.462744540900194
7709,0.122697834961897
7717,0.407006072840735
7720,0.163482204297634
7721,0.371127500915755
7724,0.332479679586155
7729,0.19853596858047
7736,0.607770798077582
7737,0.555854413459703
7741,0.277082618065557
7745,0.241016993299653
7752,0.449165438619005
7753,0.10938158304196
7756,0.0837941398489608
7757,0.173591932621648
7761,0.416688327626996
7765,0.417058514838166
7768,0.272934570890847
7769,0.0896132805581374
7772,0.126595580736927
7773,0.359425693654892
7781,0.161301065382599
7784,0.096455022062236
7789,0.168095362701476
7793,0.0653702794034742
7797,0.118060353750905
7801,0.243517852318113
7804,0.035551711798428
7805,0.42839515263994
7809,0.395245009132935
7813,0.642118442883041
7816,0.365136483417884
7817,0.538363567651108
7820,0.505003632378209
7829,0.238814523430904
7833,0.128164117845928
7836,0.0315989335879939
7837,0.45228848141924
7841,0.0647693714620076
7845,0.319141009267774
7849,0.274210000682274
7852,0.31070110362353
7853,0.468641949010965
7861,0.215942228928332
7864,0.333535893900245
7868,0.212662148443862
7869,0.107322271485753
7873,0.182099081155051
7877,0.0521039283042484
7880,0.17852231664845
7881,0.124158111381738
7885,0.336101156038458
7896,0.643903650318935
7897,0.272700271802024
7901,0.066410883466193
7905,0.299003751758309
7912,0.250143054610651
7913,0.624547206386813
7916,0.434067440464822
7917,0.43853261051142
7928,0.330689720822302
7932,0.241666356201683
7933,0.226103641262565
7937,0.199419881546146
7941,0.387346386109089
7944,0.390263066241165
7945,0.126106804487588
7948,0.269220928295235
7949,0.148601005999632
7957,0.325202308725204
7960,0.463597469643421
7961,0.344130242843232
7969,0.107562384124528
7973,0.222796692607428
7976,0.189796108018389
7977,0.145423936767163
7980,0.0719146873825077
7981,0.264742962440702
7985,0.46419841690282
7989,0.0979892642429492
7993,0.362302769216979
7996,0.188653510759282
8005,0.421915866685268
8009,0.0571733367447936
8012,0.07589109209527
8013,0.496989648711277
8017,0.129311704844205
8021,0.311100584454901
8024,0.224479947789821
8029,0.208093824680573
8033,0.535357728645177
8040,0.296206689540583
8044,0.124890732156588
8045,0.0552942311695267
8049,0.253388127572337
8053,0.0623685903024969
8056,0.170289352446783
8057,0.234361174528215
8060,0.304525722317398
8061,0.35584201311802
8065,0.440465496595198
8069,0.463543175961857
8072,0.48584363793792
8076,0.322144013632774
8077,0.189433856144428
8081,0.38226178218406
8088,0.0682645464545006
8089,0.0614727231036009
8093,0.388786363445368
8097,0.193678494690545
8101,0.320102829193103
8104,0.399630885142712
8105,0.236418142648812
8108,0.211733263286134
8113,0.216567690085212
8117,0.31731981052457
8120,0.140903422448957
8121,0.311263616333927
8124,0.370571180802924
8133,0.182515044303331
8137,0.190360237627326
8141,0.0857502258423172
8149,0.285593462634642
8152,0.668714177082322
8153,0.163973317602982
8156,0.0889120444994817
8157,0.305873184670986
8161,0.367326577379205
8165,0.100152740896835
8168,0.396279623969235
8169,0.3843793572498
8177,0.133851551061453
8185,0.267542492196155
8188,0.333253050140934
8189,0.359463775025675
8193,0.338906800398501
8197,0.19371164146502
8201,0.116206043714114
8204,0.187732509462511
8205,0.317695582248744
8209,0.075835177447615
8213,0.247973376814773
8216,0.299197505697376
8220,0.0337898671254161
8221,0.235441285451699
8229,0.112761156297766
8233,0.0612753208555568
8236,0.245026001754733
8237,0.0288691142203711
8241,0.390662534222408
8245,0.456340791489773
8248,0.0988040106842534
8249,0.32804396551704
8252,0.524243777161483
8257,0.187535041683508
8264,0.0656779003184255
8265,0.0897851843469405
8268,0.363807584350879
8269,0.26273987296638
8273,0.116907341380669
8277,0.17756099571986
8284,0.294647405581938
8285,0.560850909058657
8293,0.557172960580713
8296,0.229890906474257
8297,0.0515672926829692
8301,0.412261659644023
8309,0.252813252342806
8312,0.178992080903056
8313,0.251245946366731
8317,0.0688331929621329
8321,0.649171543342458
8328,0.072171771870408
8329,0.36854656134237
8332,0.0476259754852585
8333,0.227986924699397
8337,0.304798603567314
8341,0.0582419093647752
8344,0.271901632800084
8345,0.354018039201763
8348,0.312468131274833
8353,0.240422006938748
8357,0.474938177868006
8364,0.673313467530615
8365,0.266109695020884
8369,0.198118582046125
8373,0.247162486391437
8376,0.209868206288587
8377,0.258181585126181
8380,0.436854367232171
8385,0.127037611120907
8389,0.0873710786807171
8392,0.262541729299096
8396,0.0382511112845117
8401,0.196523890818219
8408,0.214673634378764
8409,0.114007112344054
8412,0.237628683153576
8413,0.287384494795425
8417,0.451208770250267
8421,0.52337528041796
8429,0.17974944745918
8440,0.324438744857554
8441,0.131658540279821
8444,0.255156284502562
8445,0.340922413045387
8449,0.615196269033813
8453,0.174200806570137
8456,0.350343826790611
8457,0.194491998820977
8461,0.19951327061652
8465,0.187898621687468
8472,0.421906861226734
8473,0.0555114248576576
8476,0.518322600395844
8485,0.062227115491389
8488,0.407278664136357
8489,0.158950537716781
8493,0.628263538409921
8497,0.157147030067866
8501,0.330241924171351
8504,0.127433879135562
8508,0.338419143729257
8509,0.304730692161651
8513,0.300247383073328
8517,0.159475410384202
8520,0.146973069872339
8521,0.450034007020636
8524,0.421884147531301
8529,0.0903870511159898
8533,0.342045882892806
8537,0.0585316060384252
8540,0.356400686684839
8545,0.272707884842941
8549,0.174368029225706
8552,0.573874885790566
8553,0.377434891742013
8556,0.303544238591343
8557,0.376240660862743
8561,0.535972064063469
8565,0.32159082604534
8572,0.155278014191195
8573,0.0560633876699952
8581,0.068979893627171
8584,0.387014561014917
8585,0.111992089282956
8588,0.524031980193643
8589,0.282123084976668
8593,0.256569206835114
8597,0.321785132417872
8601,0.295012114258083
8605,0.0277014065428702
8609,0.254008520690056
8616,0.176156146982249
8617,0.147328416911952
8620,0.422902770500504
8621,0.279462296097403
8629,0.313900869549062
8632,0.340584041399315
8633,0.180440932330945
8636,0.112461245882809
8637,0.490506573784507
8641,0.242492679753695
8645,0.410731874211643
8648,0.321469693513986
8652,0.292828513661596
8653,0.178238818314511
8661,0.0261464667379423
8665,0.479057704192717
8669,0.0430239808729396
8677,0.216838855692517
8680,0.0719033591386444
8681,0.201166104270774
8684,0.608036884184083
8689,0.305777071642846
8693,0.277280237154336
8696,0.396432811819771
8697,0.330830667289645
8705,0.0536961132864155
8709,0.390322626624141
8713,0.179662022490552
8716,0.245193402089431
8717,0.116751805378384
8728,0.490912966982806
8729,0.392925119246842
8732,0.246365293215463
8733,0.336735239905912
8737,0.147044812591294
8741,0.14047630687493
8744,0.456075257960744
8749,0.0511724797929126
8753,0.427793074573725
8760,0.201875455082794
8761,0.176786571280321
8764,0.12310534146872
8765,0.152533917786594
8769,0.135992937178665
8773,0.284275934515953
8776,0.159344914991361
8777,0.38072710788955
8780,0.282884572815044
8781,0.200054283737513
8785,0.445335233281629
8792,0.0664722049363325
8796,0.238874350162357
8797,0.331060196732855
8801,0.191812126237936
8805,0.0876080813587263
8808,0.415941224067351
8809,0.158295665485889
8812,0.22534671175214
8813,0.422732044939014
8817,0.267581786660192
8821,0.388372338982715
8824,0.344784085172302
8828,0.333220032358509
8837,0.0602503991269902
8840,0.508839128389809
8841,0.204180163954934
8845,0.193449901802851
8849,0.651654437446241
8853,0.258056240600846
8857,0.300926431250259
8860,0.0366800393714737
8861,0.266946323679297
8872,0.409607277734959
8873,0.221948692051521
8876,0.370622451965063
8881,0.140167916080077
8885,0.404374731036857
8889,0.0447278332865722
8893,0.0658752743314002
8897,0.110459260392041
8904,0.264233352379585
8905,0.415375194567987
8908,0.572848942739724
8909,0.397846434116131
8913,0.080379851262174
8917,0.317511011760581
8920,0.295129424775354
8924,0.108916334291485
8929,0.13069535254656
8933,0.148831399512875
8936,0.0781756167627116
8940,0.204033988338531
8941,0.0332204551549728
8945,0.503510667705378
8949,0.131007733919302
8952,0.250232948940821
8953,0.344077989915225
8956,0.300446226706583
8961,0.199420774102503
8968,0.108381773931496
8969,0.047078493204297
8972,0.351319064737373
8977,0.16490637754321
8981,0.13170524787721
8984,0.417974176687872
8985,0.123438803423462
8988,0.172329545123428
8989,0.379829667840042
8997,0.179502675873024
9001,0.0582893706517445
9004,0.349236029987652
9005,0.423140751179136
9013,0.0293467994398576
9017,0.113947681717975
9021,0.0581103233937606
9029,0.211502758458484
9032,0.207696337006424
9033,0.29704542407235
9037,0.338565856967372
9041,0.339553147811031
9048,0.365697096722553
9049,0.597279840802401
9052,0.227503027273472
9057,0.0497857346874191
9061,0.353351645179614
9068,0.0333218289457057
9069,0.0265075391926695
9073,0.123953680524909
9077,0.433082202930256
9080,0.228062247517453
9084,0.171427786666054
9085,0.335809137160121
9089,0.295354912889386
9093,0.371174252128783
9096,0.354841976870372
9101,0.0424084888031073
9105,0.359064945912888
9109,0.0272380790033521
9112,0.0813838135733967
9113,0.497021749176077
9116,0.25175210670878
9121,0.374060861883783
9128,0.143406768967273
9129,0.283446861655803
9132,0.346809765586033
9133,0.122864424098159
9137,0.259100651567492
9145,0.0600963910708493
9148,0.159146891946035
9149,0.539095311616143
9157,0.11022782630942
9160,0.313575472200352
9161,0.176312520968458
9164,0.283504179995357
9165,0.422199481469079
9169,0.39528560109502
9173,0.294524612813852
9176,0.370631485188081
9177,0.307593802583042
9181,0.496832158077773
9192,0.537101240209413
9193,0.196548709439404
9197,0.0483651737419007
9201,0.210743986127526
9205,0.125524540555269
9208,0.154760037808706
9209,0.28116052841146
9213,0.329480778094907
9217,0.219128602769799
9221,0.324397737312669
9224,0.379878935939076
9228,0.206161842468658
9233,0.124751867969716
9237,0.178417218150316
9241,0.0700224197046076
9244,0.121864649829124
9249,0.182874127066418
9253,0.503125922798776
9256,0.0890997483807713
9257,0.441327291027531
9260,0.0795703896154798
9265,0.126302466483029
9269,0.141609718067784
9272,0.310086156409982
9276,0.144268577977878
9277,0.0299279252570832
9281,0.341217678847112
9285,0.191259172349378
9289,0.265025665569912
9292,0.461068802741207
9293,0.131618273567025
9301,0.388012459227397
9304,0.0787396735066288
9305,0.25887169477126
9308,0.300308331497101
9309,0.248291463093518
9313,0.289681949373188
9320,0.359586920942415
9321,0.581663583499682
9329,0.0991609959791606
9336,0.46918999688863
9337,0.0598678640432422
9340,0.251341202084552
9341,0.313707163453154
9345,0.379228808840525
9349,0.373883913975864
9352,0.152142606005093
9353,0.419979022499376
9356,0.320207531741415
9357,0.410602103985111
9365,0.0891520422340822
9368,0.299640036028447
9373,0.150194525922448
9377,0.25844300645313
9381,0.621389619555797
9384,0.0859396906772773
9385,0.410959051526776
9388,0.0862697883029222
9389,0.242742556500551
9393,0.218884285278735
9397,0.0322948143332355
9401,0.336702936438771
9404,0.357069682158843
9413,0.519641711440744
9417,0.442706151113877
9420,0.21457383076982
9421,0.0908640865822811
9429,0.415915297714192
9433,0.255168367650039
9436,0.170215403213181
9437,0.242025850532208
9445,0.238699747658547
9452,0.0655592236426763
9453,0.16925252358591
9461,0.328406243802743
9465,0.272655989076448
9469,0.240472294133753
9473,0.103920623901901
9480,0.338964488142839
9481,0.20423402673005
9484,0.170156895822392
9485,0.115629202293113
9489,0.365812747731171
9496,0.0917912912857966
9497,0.139629245812155
9501,0.307793803228646
9505,0.173496483501995
9509,0.094187830975677
9512,0.266277903418367
9516,0.229022044101093
9517,0.399425905140684
9521,0.47066270761154
9528,0.425948347360978
9529,0.140692763072912
9532,0.243265834801146
9533,0.342616952404126
9541,0.103617326663188
9544,0.269922989161152
9545,0.424653529810992
9553,0.424363919501055
9557,0.62886034919659
9560,0.583146055104118
9561,0.223964262322468
9564,0.152997018986199
9565,0.614975467470353
9569,0.172507225581848
9573,0.263484639701755
9577,0.333394768733285
9580,0.462210035980794
9589,0.348854088083478
9593,0.188734778077728
9596,0.160552228623257
9597,0.202520230491064
9601,0.0676478033383734
9605,0.100919255892407
9608,0.0699807717630589
9609,0.231657614332586
9613,0.335507341209024
9617,0.0875485327728538
9624,0.480203569710703
9628,0.167713057980547
9629,0.142072859235072
9637,0.105882545738351
9640,0.245674050051351
9641,0.102431108598203
9644,0.394345706396573
9645,0.0207721028940168
9649,0.33623821349962
9656,0.179910211910504
9660,0.422541256011301
9661,0.0957677562380883
9665,0.377087467290504
9672,0.0693901520566094
9673,0.652546671382396
9676,0.226936214371335
9677,0.409622103085787
9681,0.091715029784718
9685,0.641407394900797
9688,0.242952652508262
9689,0.0569877954561202
9692,0.160604194103974
9697,0.224021620868059
9701,0.34729939657381
9704,0.389107961569175
9705,0.0462873736436141
9708,0.335571428090464
9709,0.29473127718778
9717,0.104311540427913
9721,0.424971266843292
9733,0.084455879820983
9736,0.123717392422207
9737,0.326849230740884
9740,0.0276208132426578
9741,0.453341370389389
9745,0.338978575265267
9749,0.186531675147448
9752,0.165811408056288
9753,0.206614567262053
9761,0.0898935956322045
9769,0.185206818596297
9772,0.349056515891713
9773,0.0901293746422036
9777,0.366700151481138
9781,0.279886256104349
9784,0.22168218972937
9785,0.514494819695552
9788,0.0341726466541906
9789,0.361802494292768
9793,0.115095079968052
9797,0.384549509869438
9804,0.43483324986278
9805,0.686753217032225
9809,0.341435674620001
9813,0.126599328500512
9816,0.254038126643882
9817,0.333138183125677
9820,0.305144134077576
9821,0.0455558493102294
9829,0.510997862680114
9832,0.289113255087398
9833,0.339034040654444
9836,0.334051026864128
9841,0.295128819905842
9848,0.152155440058068
9852,0.314456290750991
9853,0.304057106361393
9857,0.0485283037495173
9861,0.0521296246056311
9865,0.0721097886334534
9868,0.0368614523927319
9869,0.273037037654753
9877,0.382532456698076
9880,0.333782709530698
9881,0.0884257874876386
9884,0.392111579141277
9885,0.123158533146686
9893,0.31205663676253
9896,0.307825376689527
9897,0.444729360071918
9901,0.122085198220887
9905,0.57351638022631
9912,0.0777946014244588
9913,0.256505890625875
9916,0.0365839079358915
9917,0.25796183835581
9921,0.384499989175601
9928,0.443706526077436
9929,0.546699800868006
9932,0.282268048756867
9937,0.324196832791258
9941,0.314216254010362
9948,0.294597113047836
9949,0.0606897994719687
9953,0.219263366096462
9957,0.541420482740633
9960,0.126391081362155
