5,2.35074848930377,3.45386803680568,4.70136976599286
8,0,2.34256559818965,3.21061399039482
12,1.00859600183935,2.23405840566606,3.65854567503247
13,0,1.98576135654663,3.11506443817380
17,0,1.35872004735314,2.23424739606739
21,0,1.87316747898306,2.58331042621701
24,0,1.48884771837158,2.20758810273071
28,0,0.979033992832471,2.40668113522951
29,0,1.67480393474156,2.57349767368820
37,0.342825901748031,1.89867661786411,2.89084127074253
40,0,1.12915794459905,1.80573857298710
41,0,1.02574592709347,2.04157827948360,2.34752016888708
53,0.515429439805751,1.86954239377161,2.56273686004109
56,0.684196428698019,1.49733172832763,2.30747219091521
57,0,0.622604080184512,1.78787687456595
60,0.322658483575180,1.47396545601603,2.22901314573717
61,0,1.16014008983661,2.00570631269277
65,0,0.778406516869863,1.64176653399576
69,0.713414715449863,1.70386697519836,2.15954006937838
73,0,0.599334663688071,1.56807391045021
76,0,0.836582978875406,1.74297906818373
85,0,0.708482048641554,2.13080330824940,2.47213473405432
89,0.315913202424335,1.33739722426120,1.93214884663951
92,0.239636804667452,1.45937565887770,1.87111490701200
93,0.188450465186421,1.49172744468978,2.33638626306566
97,0.420176994154809,0.928423867892055,1.76257821140646
101,0,1.16214191937102,1.92807305864416
104,0.435925681389333,1.54176843504521,1.85463115655281
105,0,0.744288575938478,1.54426199028944,1.86600616712838
109,0,0.719223160390635,1.88098829179924
113,0.314074839578192,1.09496322040349,1.71243171427723
120,0,0.776268232585718,1.54733237078945
124,0.221141727116147,1.31247755265715,1.76825590658675
129,0,0.869833765469103,1.47031288954282
133,0.347670175440243,1.23986899055810,1.95111702674397
136,0.491228166868770,1.00660726967675,2.06559364506551,2.20480450409611
137,0.321958240992025,0.844562466843783,1.95002574561231
140,0,0.820928850596473,1.56590044580085
141,0.296120071462105,1.38016507317559,2.14700432433524
145,0,0.592737011340405,1.24447351335074
149,0,0.761568613015301,1.98918368625144
152,0.368247741577464,1.36678453507501,1.63829924412855
156,0,0.740094050988795,1.48488847367259
157,0.515326194981228,1.08419546489904,1.99496126235273
161,0,0.563266464722432,1.48463036256639
168,0.405108651208157,1.06380976726112,1.83027055142757
172,0,0.448956194500314,1.47842035011542
173,0,0.882427057440731,1.74714385947514
177,0.300489837609586,0.821505267674780,1.63439977183156
181,0.416683863123337,1.33214125912058,1.75840861196652
184,0,0.496893618277314,1.42422599207810
185,0.217220744643855,1.17219754469423,1.73008716815747,1.90464739037042
188,0.351811891157291,1.06172833600456,2.03238766589553,2.15952934163306
193,0,0.415358697245591,1.10009430260056
197,0,0.551100554059944,1.86797672118734
201,0.222050075217384,1.09742412150632,1.69818771193201,1.89022520157424
204,0,0.756461494537949,1.37952839081989
205,0,0.679788323708300,1.39679912342036
213,0.117276619774642,1.29220737709680,1.93825171622480
217,0,0.698592094620378,0.927448481372883
221,0.215432088011819,1.34346057202632,1.91669315929235
229,0.118101015790588,1.23998384969440,1.83591399450071
232,0,0,0.863165329102636
233,0,0.664312026052821,1.08337762597459
236,0.134949836913176,1.30261190855043,1.68635792203274
237,0,0.781591656684060,1.57977387705069
241,0,0.520252800211348,1.22110878365264
248,0,0.708889727837933,1.47202059433621
249,0,0.737715217685193,0.975929985924411
257,0.442449514834558,0.893027315973499,1.53281966259223
265,0,0,0.962423313620915
268,0.194709055744935,0.790814175413351,1.53798350035624
269,0.380558936828090,1.51716972256716,1.62018741179655
273,0,0,1.02098035896684,1.34383507942755
277,0,0.506946187400193,1.39363060846394
280,0.372312458203750,0.817894116710555,1.54088055535009
281,0,0.419254392260211,1.28419990581991
284,0.493116648310702,0.825718835461852,1.80964993117355
285,0,0.798093927526379,1.50525441112817
293,0,0.621429303855486,1.61987067491701
296,0,0.658432837544846,1.36157122468972
301,0.225429671504692,1.00075289500443,1.94930243305214
305,0,0.262439082061859,1.29770176194036
309,0.422466735447021,1.07689933423236,1.81196558373829
312,0.320213506741475,0.855198063056946,1.66333279977090,1.97460055304679
313,0.216552787210703,0.896976000306423,1.42956297476019
316,0,0.626810908019527,1.13784298460005
317,0.0986569303067681,1.04025193324799,1.87291588215191
321,0,0.691239390608564,1.24056039750596
328,0.305291157010295,0.976640355823211,1.46737225429829
329,0,0.635199348693856,1.27974277552398
332,0,0.485328006657683,1.41890044294140
337,0,0.363943689121223,1.14620247260198,1.48871088828727
344,0,0,0.946224773417680
345,0.194809320049643,0.931070143880193,1.25397511204619
348,0,0.640737822097538,1.29808201089465
349,0,0.553549981409205,1.46480644588549
353,0.188487717589206,0.787455968851585,1.66457962084419,1.90313355231557
357,0.465804163448403,0.824034593137368,1.89602295292634
364,0,0,0.985232161002361
365,0,0.564461362954100,1.55965855312134
373,0,0.542586723103483,1.18208557481431
376,0,0.732998212412559,1.12274598505111
377,0.366968684022238,0.833533476585848,1.47509236514699
380,0,0.681272678167784,1.18891684493572
381,0,0.902284054081996,1.30590487884574
389,0.0801290645571818,1.17434336004274,1.83060969058882
393,0,0.461461014256333,1.09003465454243
397,0.202314117978907,0.973379066440559,1.56336256354304
401,0,0,0.816460557827570
408,0.298209270632120,0.759815712134698,1.55177238681096
409,0,0.291016894444540,1.22551696577780
412,0.277779518900055,0.916107848590704,1.42372432734108
413,0,0.731457012997867,1.27379645053653
417,0,0.497326210267196,1.06300108795246
421,0,0,0.910102206599476
424,0,0.467721833015675,1.04885146640386
428,0,0.537472360218669,1.23366261944146
433,0.195922708421811,0.784463398315823,1.38063718137583
437,0,0.562851795959924,1.44858267943479
444,0.352146876640622,0.965103909131362,1.52172083013469
445,0.0937104787381284,0.993478164243719,1.50274598118940
449,0.170902009056620,0.738093338057196,1.56238122106635,1.91681404997859
453,0,0.525864857510197,1.50505420396790,1.79175683910067
456,0.225292123551056,1.03609122129771,1.42938112874737
457,0,0.412731893479602,0.808343279954844
460,0.129959614204200,0.854859698722656,1.50739342730642,1.90994862908602
461,0,0.523015264926785,1.74756031416748,1.94179292392634
465,0.564976237250861,0.809621547229266,1.26441582347033
469,0,0.684225902546043,1.18929182786282
472,0,0.707288657877037,0.955618225983517
476,0,0,0.975768801183104
481,0,0.720341030670919,0.882584139591115
485,0.442119207320861,0.873489581067950,1.74148060771964
488,0,0,0.957653363049502
489,0.340658972985583,0.761018283947264,1.46123676483954
492,0,0.381658448738452,1.10273797207812
493,0.171452286406861,1.09978585212203,1.37646359308354
497,0,0.638928768108897,0.924788758527164
501,0,0.464663679418339,1.38005099582504
505,0,0.259681281954542,1.19149811853076,1.27615693824351
508,0,0.392873981673900,1.04660449141065
509,0.0684005584449054,1.11859253945233,1.85977979278869
520,0.282514167550331,0.740677287916856,1.38970998735354
521,0.423793864389819,0.963288845892996,1.30622149240467
524,0,0.713142322576734,1.25989020363543
533,0.159784873058147,0.890910093789922,1.73724794359418
536,0,0.650193331241964,1.09666707943727
537,0.144414873524068,0.969525307027122,1.30033379374890
541,0,0.361960662357634,1.28484794010022
545,0,0.720012220824320,0.995434721588229
552,0,0.629207987452087,1.00997670255783
553,0,0,0.654550057546119
556,0,0.556051106971096,1.21536401560826
557,0,0.263037190483763,1.38520275384253
565,0.261999908629761,0.873082414721420,1.52702293793664
568,0,0.593240984965808,0.920370493615405
569,0,0.372040522369052,1.16072880125449
573,0.0699316390335061,1.14614538482498,1.60877198427156,1.80819773491348
577,0.185727231799286,0.705603919287108,1.22175256486024
581,0.439163871423085,0.965873277558740,1.67986194975194
584,0.172730705726158,1.08110532865071,1.63104117999077,1.78423298052007
589,0,0.591076126379302,1.15121341076592
593,0,0.444895885880424,1.03340356049618
597,0.155646294166691,0.938732887490085,1.52126223788198
601,0,0.652441563897810,0.976260073088589
604,0,0.262193874895778,1.12529587043888
609,0.291829610747446,0.884860844197492,1.17772877293204
613,0,0.243005803307415,1.11596257825527
617,0,0,0.686779003591543
620,0.0937690750440904,0.980654360692304,1.33865269308942
629,0,0.597923958048805,1.40589642227256
632,0,0,0.818572055582115
633,0,0.393732504112589,1.20500739173781,1.47193543714853
636,0.372395340647503,1.09086158309483,1.33676502827908
641,0.126431272352252,0.922548882072300,1.26790456966571
645,0,0.510710213623212,1.14485892068154
652,0,0,0.709560891399965
653,0.394083914862713,0.819423628686471,1.55529486178540
661,0.234761251060447,0.861507919036206,1.58919732762876
664,0,0,0.962409186282990
665,0.291568656029821,0.751819904238964,1.22896754927725
668,0,0.387981691593978,1.26583277862996
669,0.421865021762296,0.748721952828915,1.66896489000847
673,0,0.521646817952409,0.757911855653890
677,0,0.559992505099238,1.43058361249806
680,0.188970866843854,0.869911375726633,1.41568598122699
681,0,0.190233552952212,1.07958954487188
685,0.416187733918087,0.824079458703059,1.55900910019756,1.87312687294361
689,0,0.412693033983107,1.24159405381807
696,0,0,1.04024846553215,1.32175449938011
697,0,0,0.508789621891804
701,0,0.474053483480259,1.46834372539566
705,0,0,0.919265278663819
709,0.0807104030075096,0.792485561852944,1.49968743864788
712,0,0.578466272539802,0.972050655452583
713,0.137438527294209,0.729145819774004,1.33285500619090
716,0.0858729086868226,0.942263500511333,1.38356437121193
717,0,0.587320866034702,1.14139205175618
721,0,0.480405853593750,0.969589293622835
728,0,0.496321998399301,1.06301270691789
732,0,0.524343124788086,1.03144398940469
733,0,0.516343546442410,1.02305282440663
741,0.388730725001345,1.04455034927879,1.42157277443218
744,0,0.577691586685374,1.07221923373698
745,0,0.520715453933469,1.12808999039949,1.25328079253162
749,0,0,0.991398645453473
753,0.134712499126201,0.930172347581506,1.07641386453683
757,0.168705835943678,0.758504039386299,1.39589708306478
760,0.236940013716079,0.744614639027755,1.17723903084972
761,0,0.432788765777095,1.05120190625659
764,0.258787803253983,0.926412939966940,1.32526252068213
769,0,0.445931822056323,0.925657314009170
773,0.125680384189594,0.906302105500195,1.59852964059279
776,0,0.751718565694780,1.13675492324210
777,0,0.520079716441015,1.07150710473523,1.31535946223893
780,0,0.575055577374857,1.18738663029158,1.48948506994357
785,0.136716116834721,0.706932387932188,1.25487435068877
789,0,0.754352976014741,1.20630482239464
793,0.414448414800705,0.572288273905162,1.06154793820152
796,0.428047271961769,0.768248517964959,1.38140095435972
797,0.180579216728668,0.939016758212048,1.71394676148208,1.89815372761872
805,0,0.632928039185604,1.00662655074481
808,0.222928425074000,0.742784154212184,1.23869637767801
809,0,0.495146471840969,0.976922160005061
812,0.209816564980303,0.637305429191166,1.60398872021782,1.82160750719668
813,0,0.546437730217933,0.998077568328813
817,0,0,0.757783896698545
821,0,0.280526289842014,1.42220841588739
824,0,0.510573421773882,1.18472628260163
829,0.0632847785183481,0.999053789714517,1.41176885585216
840,0.189221830861523,0.767319090682814,1.48551184997718
844,0,0.486723050256996,1.11586160432526,1.36071519584390
849,0,0.453772882899957,1.08135176609592,1.34715251264398
853,0,0.430238901508541,1.09751724433313
856,0.224416058729043,0.682753955653519,1.28170062702820
857,0,0.428454409755104,1.10856724509881
860,0,0.451505913880205,1.17474758074108
861,0.112437250800953,1.08805845274818,1.47823099254807
865,0,0.388124792805230,0.778358030046696
872,0.397021610436969,0.739813066643823,1.26455299043623
876,0,0.453445664317019,1.01127826431091
877,0,0.172216125796330,1.10271451823413
881,0.346621284052435,0.765559705140091,1.42964111461804
885,0.169601868143549,1.06240923046735,1.47001357273328
888,0,0.673311281696724,1.01618160012563,1.48649896902959
889,0.325788065977375,0.627683224131532,1.12993715529707
892,0.111240594958430,0.654239801047278,1.33557068184805
893,0,0.496787316103412,1.10296374885582
897,0,0.410217610328567,0.830104530415477
901,0,0.638073666385316,1.07393020904693
904,0,0.399306092342719,0.950471301151825
905,0.137999479380625,0.626751494566405,1.25101460476543
908,0,0.554521049109972,0.977137814402559
917,0.270922956158120,0.726301104905226,1.60109115659320
920,0,0.524606030336746,1.17379136820984
921,0,0.355896317219006,1.04260915330705,1.36124883194788
929,0.220455413617281,0.785887403061809,1.33736048312613
933,0,0,0.790097440598456
937,0,0.538467880737454,0.950373031712897
940,0.481442506373350,0.677085550579996,1.14146766070997
941,0,0.435018632315341,1.45412917705720
949,0.282728317534575,0.842465443616036,1.22443981540394
952,0,0.310567140415842,1.08085360309666,1.48488966343730
953,0,0.230826297018316,0.999341426447704
956,0,0.404971776946665,1.00384864577927
965,0,0.749409779606112,1.06045171487787
969,0.234473504734319,0.757332128339396,1.33039913021830
973,0.409711471917427,0.512184931937263,1.38832952284306
977,0.132017568643432,0.696505654599455,1.06271236219968
984,0.168771536358677,0.793468320976587,1.38794254844580
985,0,0.449911629846012,0.976838881753472
988,0.235928717484079,0.632020901311729,1.14310797284930
989,0,0.684341552710155,1.02564640945176
993,0.121444823456599,0.760590856131936,1.18889016035780
997,0,0.532716288461274,1.09366020495819
1004,0.400663006502940,0.775599661941103,1.50958540555318,1.85084303417238
1005,0.0597192240813212,0.854443695215120,1.50980096708519,1.83281254966102
1009,0,0.244227770267231,0.886613691887615
1013,0.0517768046312444,0.963909007707684,1.57415420074066,1.83894449106612
1016,0.184278650462089,0.619872418356972,1.59632371760768,1.76468431451071
1020,0,0.420882517221994,1.14981222032134
1021,0.129200046344046,0.784609423946337,1.48052552161720
1032,0.372717006338317,0.729650949345589,1.30041390874950
1033,0,0.425538420231307,0.659566952093691
1036,0,0.444152017244254,1.07399528760405,1.42292736710601
1037,0.234251728946932,0.860557823175544,1.34663569206210
1041,0,0.577807330597683,0.994638338893572
1048,0.193160650723776,0.762682742180954,1.14467903756639
1049,0.0920487657741706,0.968359829823186,1.19801214330204
1052,0,0.594634235515468,0.845417179455100
1057,0,0,0.803646133423149
1061,0.0546033376324250,0.835741895404911,1.54119247933132,1.96942108421630
1064,0,0.453930085760423,1.09541555418154
1065,0.118064296433084,0.743915234678492,1.23989083319895
1068,0.0905898967912371,0.743331472308220,1.21094214496553
1069,0,0.483197422083184,1.23201908040104
1073,0,0.365386509992682,0.790191596478604
1077,0,0.463702998232495,1.14223745114539
1081,0,0,0.745332833342135
1084,0,0.469692976976282,0.904615486918453
1085,0,0.522477899165444,1.07752828250594
1093,0.385885698149260,0.741720209556234,1.12530305727040
1096,0,0.216313250586544,1.13472106475483,1.47636621352332
1097,0,0.398730355237682,0.859322811443201
1101,0.280705361813005,0.930735116494745,1.29973066388263
1105,0.261415227904554,0.723042432492913,1.11035947814137
1109,0,0,1.08803257637003,1.44204901835445
1112,0.161523875958167,0.707291571339048,1.47369029647236
1113,0,0.564870368967794,0.743812419985893
1117,0,0.606471774502011,0.817766910617876
1121,0,0.457982744014437,1.02941983286080,1.33392200822156
1128,0,0.239075400449216,1.14712451658328
1129,0,0.210710796464774,0.868746022609127
1132,0,0.558005552690326,0.961395819644951
1137,0.115102322330181,0.773207299171232,1.08610780474197
1141,0,0.517969658087674,1.06189018592102
1145,0.363047827349555,0.693393575367364,1.11210979221280
1148,0.146619744552169,0.853906857830567,1.27740484997352
1149,0.174641958873669,0.784982410901288,1.49490468726201
1153,0.130807342539041,0.663088259857048,1.27635087851731,1.44202768685894
1157,0,0.334681384578930,1.11997049248854
1160,0.277080503411476,0.906191939584039,1.27227920097501
1164,0.276546604541147,0.642413586966753,1.30145581172631
1165,0,0.418794566114620,1.06864911923947
1169,0.208662864640820,0.706283249936633,1.40318146172608
1173,0,0.383449795279277,1.11929649074755
1180,0.275055677840186,0.805051270862933,1.07293521673084
1181,0.327118755227666,0.758017111410978,1.66990024960559,1.97254801233516
1185,0,0.301778316167365,0.932416943441979
1189,0.263287012208494,0.691054788600403,1.48509745204276
1192,0.188583192370339,0.818102041951914,0.981357375016903
1193,0.328488374150663,0.726242233099255,1.19804879236507
1196,0,0.611619051960656,1.08154444591382
1201,0,0.299142255547770,0.835221850374830
1205,0,0.381824893637026,1.18359737333992
1208,0,0,0.708185508945467
1209,0,0.415934910942891,1.10504683837083,1.35174528053792
1212,0,0.368326836963838,1.10463923259220,1.35743644223106
1213,0.0651678946937822,0.772423482263112,1.25956523764101
1217,0,0.468915040272206,0.956347824491759
1228,0,0.416406952899311,0.860570275231521
1229,0,0.436784019903720,1.08574987315989
1237,0.127531538120970,0.760840338313639,1.26001974164140
1240,0,0.231570847436933,0.974066886873744
1241,0.225636671829318,0.671642937930000,1.12993475753290
1244,0.249013527353983,0.982072543067718,1.29135147841760
1245,0,0.583364195108681,1.21661435853211
1249,0,0.520119949311363,0.949375214695584
1253,0,0.195227909358778,1.21263120262229
1256,0,0.586783079280899,0.947102515031342
1257,0,0,0.654241859159521
1261,0,0.221629954742029,1.15940252295324
1272,0,0.398243283078192,1.10137976288096,1.43381658608706
1273,0,0.289219135131349,1.08312597915753,1.20185500647508
1277,0.251205398422693,0.855545529134408,1.42727504829977
1281,0.216828289414319,0.730253882897567,1.14452314836075
1285,0.274558813715450,0.724221524621500,1.14224878487473
1288,0.188691879141719,0.659441664406545,1.22952833375246
1289,0,0.218749763109955,0.966454890239554
1292,0.195220101654559,0.524017315250154,1.41441457145698
1293,0,0.550490835900840,0.938661061186887
1297,0,0.310370551895742,0.965897549795068
1301,0.332639176029178,0.878312309133317,1.49363658679653
1304,0,0.371286194886986,1.22732899723449,1.43904789207850
1308,0,0.228788241778216,1.09644313876332
1313,0,0,0.515255900098652
1317,0,0.550298174660505,0.886249183133935
1321,0.119152807895780,0.644452556714284,1.28341521473415,1.49990703487052
1324,0.326181158803850,0.564220613762525,1.09833271092129
1329,0.0881432462740802,0.915288834287277,1.25596402081484,1.45450504130308
1333,0,0.531311364116215,0.869987592478172
1336,0.144465438963573,0.869605981020687,1.28338432292217
1337,0,0.442544264326063,0.796920358044514
1340,0.324563070472924,0.913646076962829,1.24003884834072
1345,0,0,0.586941152385211,0.997005558325270
1349,0,0.514553751820918,1.42674743525400
1356,0.0621545743396644,0.951697353158037,1.34847917237546
1357,0.203472848545269,0.631543044051538,1.40118624898545
1361,0,0.376668840265647,1.17041921026869,1.41715063404588
1365,0.197989704849293,0.946506339226490,1.26535265831932
1373,0.0601084304030122,0.626104148798321,1.47803278878036
1381,0,0.571765538381272,0.850317537133277
1384,0.330609605208621,0.778514791838868,1.06804445608357
1385,0,0.271564312088160,0.962300295077027
1388,0,0.545005915287932,0.838215051575379
1389,0.0466916859923562,0.882931302676511,1.53880277962995,1.79956448640257
1393,0,0,0
1401,0.379016144642929,0.567223722769910,1.27081112061720
1405,0,0.707173952820639,0.906701777383584
1409,0.106573166336782,0.633663825831931,1.20507450953415
1416,0,0.698939050036404,0.773509728964814
1417,0.265906645543914,0.602395301537869,1.12069488543160,1.48851827248204
1420,0.225108741750464,0.900785924753243,1.04817479042546
1429,0,0.343233186174790,1.01953942534571
1432,0,0.321920439751229,0.705093146196326
1433,0.181889440242627,0.825630765410438,1.12519201967560
1436,0,0.253765599943358,1.04502362162596
1437,0,0.348571210997806,0.922671344843385
1448,0,0.377245835037349,1.03003177601678
1453,0.219641116485230,0.573049542058517,1.32677149022088
1457,0,0,0.686607083820130
1461,0.234266273100011,0.927341821186588,1.26110219409149
1464,0.311620645044315,0.746038991239594,1.10298885376508
1465,0,0.566807374475040,0.877644302059187
1468,0.0780696077563910,0.742046900329565,1.31165926029393,1.48520401554399
1469,0,0.616130411769451,1.08223208022710
1473,0,0.627095123988285,0.882032574602628
1477,0.133935359260143,0.632634692915907,1.24374275969343
1480,0,0.213074993542687,1.07404566165111,1.33405819939294
1481,0,0.600306298075809,0.688235248291578
1484,0,0.394482794527782,1.04920480002773
1489,0.102061364967751,0.789528551548335,1.17321411870572,1.30988819676296
1493,0,0.369619216519570,0.976612069635614
1497,0.256968019077675,0.525332740558307,1.22659817104123
1501,0.109719083421809,0.728794294350256,1.44183987080244
1505,0.180964166823333,0.797960066013837,1.13740049584543,1.49859808880573
1509,0,0.338007278369634,1.18771311834393
1513,0,0.292502294211864,0.841644845216843
1516,0.0810384481846126,0.732890457819620,1.10170748765229
1517,0,0.477238914461822,1.09556057626521
1528,0,0.445305108154367,0.737285328275651
1532,0.0665081599742107,0.770474808580504,1.19197936664280
1533,0.320713818376031,0.767679918540143,1.35495487623196
1537,0,0.459076433005337,0.779739856924576
1541,0.149165489051995,0.713567828176063,1.45925788348476
1544,0.253535830379128,0.839012125717834,1.20283278418309
1545,0.210029310068138,0.659126296069080,1.16350482406259
1549,0.239119607781573,0.466675669446485,1.45900994500461
1553,0,0.226070659572562,0.998524241168470
1560,0.508668654896440,0.635775233779036,1.20402952617811
1561,0,0.393845123733269,0.963144203953491
1564,0,0.501674597253070,1.05449399758384,1.36371206888424
1565,0.167865412984179,0.614821759455806,1.50117384213382,1.87148324828049
1569,0,0.614136511526188,0.804126846318663
1576,0,0,0.734656348085353
1577,0.252538131941971,0.502243298290222,1.20984884702033
1580,0,0.397639879479751,0.990933009984539
1581,0,0.412886017028974,1.23210776897998
1585,0.318030907649850,0.821759969186592,1.02468283132659,1.30939534570990
1589,0.0837331398866948,0.874479405728329,1.46576966441515
1592,0,0.425550288021724,0.933183946081707
1596,0.126207240865634,0.825889679244829,1.27327529888670
1597,0,0.242300152626711,0.850416639890167
1601,0,0.390275394816099,0.997697942225428
1605,0,0.304944597903444,1.06667082730157
1608,0,0.510602165765500,0.967239869314240
1609,0.192723631939581,0.819040929966096,1.08308494158845,1.46670664495020
1612,0,0.413158591775170,0.842692376487408
1613,0,0.582864242549672,1.00922277290643
1621,0.209536596662308,0.856107825705154,1.15135499480219
1624,0,0.374894237349739,0.974341798068895
1633,0.181940938652653,0.397093676887945,1.07517893804413,1.43166801331947
1637,0.0407584838932382,0.973604372319019,1.31714693747963
1640,0.139618310561634,0.707996099562107,1.15406749736725
1641,0,0.408233301553216,1.04702836836672,1.33327795790920
1644,0.344238825398088,0.737463569875076,1.23907713892825
1645,0,0.259732184234150,0.971436375601241
1649,0,0.325855880836796,0.772933727235074
1653,0.107960280972149,0.739233598921838,1.17869674385786
1657,0,0.364451568845088,0.816919940462369
1660,0,0.304142306843897,0.986052485594713
1669,0,0.581657534676978,0.844203818661450
1673,0.187418696180292,0.720307470537510,1.09044358696857
1676,0,0,1.00733164934533,1.30870661922943
1677,0.106237240764680,0.710413327284599,1.31845053069243
1685,0,0.171861155097148,1.28673232544463
1688,0.344092098352474,0.570136181408125,1.11540374133532
1689,0,0.334678386492718,0.972527277223269
1693,0,0.633816409733799,0.918411571481664
1697,0,0,0.539002019804640
1704,0,0.455267841131444,1.17120797914157,1.39217360971048
1708,0.212996415450271,0.474800405397462,1.22425110768043
1709,0.394740410671496,0.605423710280880,1.34326393588246
1713,0,0.592428417476329,0.818045573497642
1717,0.119114279216764,0.693613668703973,1.14712881675427
1720,0.301762483690164,0.713158733304825,1.20695756905918
1721,0.0883600238113721,0.653112218206641,1.28751579250521
1724,0,0.221600368554876,1.11553787713731,1.39557531727375
1729,0,0.424185179460605,0.782778646390584
1733,0,0.546209979435477,0.834797914185500
1736,0.123937678694062,0.737924711103208,1.22853877737811
1740,0,0.383393555506677,0.990833932239899
1741,0.358532056705646,0.777611856512477,1.32865786367030
1745,0,0.398992760197263,0.937354811552845
1752,0.142951722514410,0.708214729122922,1.25331608818399,1.46301815281316
1753,0,0,0.577101002745971
1756,0,0.567094300460073,0.987821780128766
1757,0,0.420448524649541,0.945875458426906
1761,0.249219476295315,0.482063041183030,1.29850365790524,1.45889690356570
1765,0.167604419743326,0.704616458786142,1.24337149272309
1768,0,0.502554629375245,0.657061699922713
1769,0.149219001134499,0.904394182930099,1.09796705437531
1772,0.206500304446257,0.713105467688745,1.10798815553527
1777,0,0.275398897788427,0.951508039090268
1781,0,0.528390909543969,1.09498995219425
1784,0,0.351915420860153,1.23340386025750,1.44869218324340
1785,0.409348431805201,0.684634545744518,1.15879471901608,1.34003168650802
1788,0,0.555600452111265,0.790759848535276
1789,0,0.350072108580624,0.860314995967214
1797,0.272083626478625,0.859302392287458,1.24846773106957
1801,0,0.413334675451752,0.608805990566121
1816,0.443718274062317,0.760833120399424,1.08792766682468
1817,0,0.406351586571173,0.817270713846108
1820,0.281757469142165,0.615470481082273,1.31912065002411
1821,0,0.423944034841650,1.03556693814045
1829,0.326605654803142,0.712877145880740,1.39267840815770
1832,0,0.387560759254336,1.09139067651515,1.38902160494556
1833,0,0.533425550994183,0.905632271647153
1841,0,0,0.649911538630830
1852,0.310079364628350,0.574158738545610,0.865054723659406
1853,0.0944434432445830,0.661558511870561,1.51824233042665,1.83563974124537
1857,0.397469965062973,0.548239647036207,0.943378185806073
1861,0,0.386842292661270,1.02735389986733
1864,0,0,0.702569664689203
1865,0,0.429562669309311,0.848797705918948
1868,0.0574002220723817,0.783993095930568,1.28702200074480
1869,0,0.539150623400343,1.15919219431832,1.36644659292509
1873,0.331169395936337,0.412207497424591,1.07625129996288
1877,0,0.322342223458623,0.917441924839996
1880,0,0.497712033763522,0.812306968981623
1884,0.0619115812845681,0.739292861467969,1.35492463626475
1885,0.116442774231496,0.636588530065390,1.20691516908848
1889,0,0.534093614709043,0.835035424109460
1893,0.0452758586803289,0.769151390462996,1.38475530012396
1896,0.245341187891613,0.774068325026304,1.18396192156007
1897,0,0,0.702696329770381
1901,0.0387198300985379,0.918806127701192,1.25058655575240
1905,0,0.450607134706488,0.836183470887267
1909,0,0.218812779918023,2.05193186724423,2.24371072316879
1912,0,0,0.593865198371587
1913,0,0.453338519263525,0.579793993092503
1916,0,0.596188694115361,0.880331412182534
1921,0,0.352357400432541,0.977655502015590
1928,0,0,0.833087107675751
1929,0.0938519698217013,0.728681052607500,0.959855456051226
1932,0,0.223252016302364,1.00338551516575,1.42590035474612
1933,0,0.415133082808172,0.897399574716558
1937,0,0,0.675110775469116
1941,0.123065160185177,0.937704379769934,1.18712539920991
1945,0.112741807324424,0.562901493926147,1.12869199790167
1948,0.0958732908026061,0.518682483014386,1.07706224609133
1949,0,0.597829618229413,1.04824860163016
1957,0,0.416202109310380,0.726208265763719
1961,0.176151524080054,0.706000588275039,1.02608486940162
1964,0,0.425463425929363,0.939996275007260
1965,0,0.460708019060413,1.06969942135211
1973,0.119809448385031,0.830596765609036,1.34464737254858
1976,0,0.168016363368553,1.02602104308984
1977,0,0.471815505535745,0.913339940838963
1981,0.209588460745918,0.703122314678103,1.15660089877194
1985,0,0,0.702999584837938
1992,0.270620853081232,0.772247007196265,1.03714099597008
1993,0,0.341381299193548,0.870587068953710
1996,0,0,0.628114706242709
1997,0,0.328615109016952,0.860601231262489
2001,0,0.444639191899821,0.984236497726148
2005,0.196995372291571,0.720048399855275,1.29536588228298
2008,0,0.475945835330952,0.691419058345759
2012,0,0.663642207944674,0.839634876988156
2017,0.149290589336508,0.437840422494459,1.07979869684978,1.35429975483126
2021,0,0.295077724106961,1.20922329884237
2029,0.124436851281908,0.989262797132203,1.12814256004437
2033,0,0,0.832327351571907,0.964636792936667
2037,0,0.503441309565049,0.947095872029026
2040,0.106169856934072,0.953865411023031,1.16365343876849,1.49117442779180
2041,0,0.341905917859473,0.703382992143710
2044,0.130061401395155,0.794010241760788,1.04908136628630
2045,0,0.492042678863893,0.932834951978647
2049,0.176945660535378,0.660150600560008,1.13387431975023
2053,0,0.387027854738499,0.931519676715956
2056,0,0.368234906776609,0.931578719294288
2060,0.283570866443992,0.599622344487865,1.15640980962714
2065,0,0.383413225509705,0.779050760395456
2069,0.272843821982528,0.689193757592107,1.25717303610622
2072,0.129954888557413,0.675248515250390,1.08073031268837
2073,0.147658036357844,0.382990756138161,1.13439530983231
2076,0,0.395343270647960,0.982497202429545
2077,0.140475118354182,0.794814689574317,1.25518686358824
2081,0,0.438687700695816,0.886790002310624
2085,0,0.481459013374802,1.09221157730874,1.42526248074323
2089,0,0.425945696700742,0.863590352531262
2092,0,0.303288762345902,0.978753690923580
2093,0.168909376732053,0.800121643722314,1.15628747376933
2104,0.183824341191229,0.480431714024968,1.18585003080392
2105,0.321897714809216,0.714098502911903,1.17798142605305
2108,0,0.372008631161227,0.804509750464838
2109,0,0.353354876120242,1.11710377284796
2113,0.221834817436840,0.612826875640281,0.995627241059502
2117,0.290913781785416,0.611893929185607,1.39589954786915
2120,0,0.626439602749640,0.873819985836026
2121,0.188212431171433,0.612635724221422,1.11531480894112
2129,0,0.401724236419348,0.854082359983271
2136,0,0.583725525856122,0.861365334732556
2137,0.172654517612639,0.357237241188913,1.08371202493229,1.37431574986765
2140,0,0.588236009061119,0.712708967258909
2141,0,0.464119786739180,1.19672786493710
2149,0.381927646752397,0.895377780161838,0.973220039974958
2152,0,0.435259047234018,0.751328154353514
2153,0,0.353793609386202,0.753323425838945
2157,0.135202281355954,0.785341280171551,1.15246308984427
2161,0.0921857425471216,0.644729735579972,1.18976058384990,1.46395943357797
2165,0.146468367445377,0.586239887829361,1.39757794188652
2168,0.110508045261065,0.757693127136092,1.19104770856478
2172,0.196362239466534,0.740553844563112,1.03217095047006
2173,0,0.249728668385032,0.949797558395380
2177,0,0.261929285370055,0.816594461060310
2181,0.215307299094804,0.745624389018323,1.31382991607396
2184,0,0.500144931436144,0.972629150627131
2185,0,0.267821759643077,0.808759169384545
2188,0,0.354462007343325,0.819501514088542
2193,0,0,0.703803683681797,0.943933328036809
2201,0.218792346307113,0.763649451600867,1.11712059658168
2204,0.105287954486727,0.739452650784476,1.29127163802335
2213,0,0.210458340609577,1.19227834657430,1.36573712725630
2216,0.277215590472196,0.562366063012487,1.17769563356372
2217,0,0.335948930194723,0.894251324326883
2220,0.341287776416852,0.641908738179968,1.21834827289199
2221,0,0.496871547155946,0.795713754100783
2229,0,0.531815963261242,0.955752115798828
2236,0.118196832649369,0.833550962006870,1.09322901686434,1.45900458221899
2237,0.180114725535461,0.657700213413790,1.39767557655488
2245,0.344972586499007,0.729491744263688,1.11845693927418
2248,0,0,0.728755183056177
2249,0.186740217258621,0.543499669722237,1.21182771290425,1.48188712670745
2252,0,0.427699347719179,1.03076410566412,1.36546257404798
2253,0.212799997342596,0.748044236538341,1.31843116118069
2257,0,0.373225046499453,0.785779520756689
2261,0,0.551798760245517,0.971977919490436
2264,0.204957594226380,0.798401894908570,1.19081917852614
2265,0,0.363339198957055,0.987744822049023
2269,0.0502929788467560,0.716477039565632,1.02042082762138
2273,0,0.401256607184928,0.837107065531691
2280,0.124123690552538,0.641519855969605,1.26984157167531
2281,0.301256620236744,0.634161571339708,0.991392278484019
2284,0,0.400398823673760,0.992719427730213
2285,0,0.380351900046173,1.28635425360295,1.46861255665861
2289,0.162073376797054,0.677856236203939,1.22402603896553,1.44054770390081
2293,0.0581883245471568,0.626042166907796,0.987583857416376
2296,0,0.399166865599042,0.782275040944671
2297,0.0975568528134020,0.539525243407103,1.12957981120844
2301,0,0.474141205123548,1.12497770077376
2305,0,0.527599187026553,0.824001532402445,0.974445020087158
2309,0,0.564900866417469,0.908867222863611
2316,0,0.263166242675476,1.03227735736365,1.47100268376722
2317,0,0.413445934443358,0.853667731095829
2328,0,0.326003316546155,0.904887997601119
2329,0,0.201847464245736,0.946532837457335
2333,0.0514258265637055,0.536795046754400,1.33628764311940
2337,0.455149908170262,0.507662988361074,1.05837771150297
2341,0.121595989930184,0.821271639747732,1.31793102544070
2344,0.112639187146668,0.829436656491728,1.19192268501210,1.37996731813269
2345,0,0.284811562669730,0.874301947971136
2348,0.122008428828737,0.625754918051035,1.18132344729076
2353,0,0.242655302051187,0.826975333438889
2357,0.382054746003699,0.699085685549994,1.33539596748104
2360,0,0.406934621293055,0.793583540934420
2361,0,0.453835395907817,0.689083351057291
2364,0,0.555025925497050,0.919700947377614
2369,0.141836606143969,0.698513424333939,1.25985564217797
2373,0,0.287779088511584,0.936821157832611
2377,0.120692817584742,0.571991932433031,0.859582862454444
2380,0,0,0.727684482212804
2381,0.182529244704219,0.588778551220265,1.37281660413301
2389,0,0.415833839500372,0.903214890283942
2392,0.129384412664975,0.710640096126950,1.19952309136144,1.32504896835222
2393,0,0.403958223194686,0.937396781377216
2396,0.110658335781961,0.671477478538369,1.31376455288407
2397,0,0.406934750432849,1.02476784358790,1.41079825546031
2405,0,0.501150000162218,0.840606559007457
2408,0,0.450424417229760,0.909269827252089
2413,0.0979130314887822,0.704054155319634,1.06383493476873
2417,0,0.319400715699628,0.763008647434458
2424,0.123067885568815,0.672049952772437,1.08793464373869
2428,0,0.452901556683198,0.895684913468123
2429,0.0839047737106749,0.612870535247642,1.55358396167997,1.72942017949924
2433,0,0.130874381376774,0.822762859004952
2437,0,0.293389100165488,0.783940639178952
2440,0.359173979613095,0.500332607677416,1.03751807988522
2441,0,0.574551869255201,0.829656910917591
2444,0,0.348443460234356,0.840444034494063
2445,0.360859960493212,0.719447424638960,1.18080976086588
2449,0,0.251325883391023,0.850533943931076
2456,0.290471038286542,0.871259025566493,1.08606392966696
2460,0,0.506229420909590,1.08324452348807,1.24152654056883
2461,0,0.292140591186559,0.910874209514286
2465,0.184812342065775,0.580469552416772,1.00053825001298
2469,0.253178447408566,0.859296525860721,1.30355883825941
2472,0,0.430658916593675,0.713654106915432
2473,0.116027186641197,0.528910437520060,1.02090528459924,1.30557167803784
2476,0.0605413215167195,0.723557813333446,1.07839323207543
2477,0,0.414238583711013,0.958472627737186
2481,0,0.421229472207622,0.896413951630794
2485,0,0.388982822133134,0.838713113391084
2488,0,0.440701527888724,0.886416339387182
2489,0,0,0.608294277099493
2492,0,0.470957776970984,0.824385094170929
2501,0.191929418088265,0.529444003078914,1.43915835622489
2504,0,0.288296736789651,1.09203138457696,1.43895138658253
2505,0,0.535985299143197,0.972452377572397
2509,0.169705433802909,0.749820568484564,1.19145399672532
2513,0.332276106854392,0.702667732825014,0.979884929048102
2517,0.159001789062524,0.554009779491511,1.17447078200912
2521,0,0.234069924890283,0.955294101001360
2524,0.0848150716790930,0.463660280157170,1.24123728871727,1.41463813755315
2533,0.115425023873649,0.500695032194798,1.36067219968247
2536,0,0.542145114243822,0.796039583344825
2537,0,0.383874400949297,0.711762654858170
2540,0,0.439509151927429,0.898904719315589
2545,0.0913934550310564,0.768334070915088,0.875231463473925
2549,0,0.499462296287613,0.993706748467070
2553,0.0884150226873497,0.596398760830861,1.10455913026078
2557,0.0478453998983140,0.743955567521763,1.01381424524759
2561,0.297049167423382,0.682370420186888,1.09428170725061
2568,0.134015682078130,0.548111640366260,1.27885676337349
2569,0,0.238596237935699,0.744821370932619
2572,0.235215437219412,0.534331275196127,1.09298395710325
2573,0,0.332969551693021,0.942599905951976
2577,0.278572118017282,0.652057961608579,0.957540422675643
2581,0,0.520277750154160,0.798021235261739
2584,0,0.309269171364223,0.812092308786063
2588,0.164567354939890,0.650976466498629,1.31439932774596
2589,0.304550621416054,0.807806390910289,1.18496176391325
2593,0,0.139680337596042,0.830010618853116
2604,0,0.424243821539528,0.993123450602178
2605,0.0531867639674373,0.591394540378542,1.10246273385649
2609,0,0.631268750202030,0.814459061839244
2613,0,0.486090807476255,0.840688565861460
2616,0,0,0.804501166719217
2617,0,0.470819221119563,0.754208573999841
2620,0,0.333318432287223,0.797728884195668
2621,0.138869698059802,0.767138770123867,1.33093502803895
2632,0,0,0.624817677916755
2633,0.191956885949266,0.233689417217557,1.24441712873221,1.39738270720106
2636,0,0.482976060894927,0.928568016030728
2641,0.262014517699047,0.418864084307345,1.05821514966778,1.39236595163616
2648,0,0.490798738413188,0.732782248014858
2649,0.289331703795758,0.752084146182082,1.09424887423029
2652,0.107493603137170,0.781730598654897,1.06498157300077
2653,0,0.600498638714690,0.736337685593842
2657,0,0.212589555739087,0.759265726866573
2661,0,0.326780021686429,0.996629986773550
2665,0.182339141362571,0.660912336348708,0.952071285858862
2668,0,0.500926170560390,0.789126204243177
2669,0,0.449265012052351,0.924940963120273
2677,0.0450879373456713,0.677596410551051,1.19607388776569
2680,0,0.529207666625400,0.804820239889614
2681,0,0.336473847504052,0.969597900235296
2685,0.221424745729871,0.680264884999972,1.11801480412237
2689,0.102263992649583,0.579145210751400,0.929098226038883
2693,0.197913079836006,0.679838369672894,1.24258537788236
2696,0.117847449645439,0.579682243628880,1.23893595810481
2697,0,0.195478984173160,0.769760004893450
2701,0,0.337088138217872,1.13330342345904,1.36903406039399
2705,0,0.514977804396801,0.800030887164657
2712,0,0.327452662053846,0.910599930899688
2713,0,0.351124710652605,0.863826118555976
2716,0,0.421205363788690,0.847339509371031
2721,0.133587597306854,0.826053030156798,1.07198008057658,1.41896485065980
2729,0.264306635529287,0.776090121543008,1.09616302905462,1.42024190346962
2732,0.121281871189438,0.631217353409504,1.04844359038923
2733,0.319037406583137,0.749058523369016,1.26386772282632
2737,0,0,0.568153911586599,0.966956608561066
2741,0,0.322639661872043,0.890046618768595
2748,0.0614068139822451,0.685163298728390,1.00131886137043
2749,0,0.304053610935934,0.954698585933546
2753,0.0818098624591088,0.640152840001019,0.990374534262316
2757,0,0.429852885226277,1.00821108537279
2760,0,0.576397388225522,0.950845098082836
2764,0.315066085854409,0.677182302845706,1.05069148238129,1.47868546765573
2765,0.137285001740478,0.809000399648276,1.22421835218712
2769,0,0.180565241189836,0.870505363096213
2773,0.102030537758479,0.607640719027677,1.11628276223555
2776,0.142953653888071,0.567003385887704,1.07095414230764,1.48272419700472
2777,0.352233923258393,0.594361089928594,0.966616811093862
2780,0,0.380007657822492,0.729161586655209
2785,0,0.424992896305623,0.878031928102948
2789,0,0.303987762991478,1.04760951240602
2792,0.0970404846596017,0.778708834618983,1.10678951971873
2796,0,0.274735333259623,1.11280863005269,1.45836544822583
2797,0.110055593258314,0.579989280178893,1.01490028418858
2801,0,0.393366715568149,0.684587227795140
2812,0,0.502086096840633,0.739659073909321
2813,0,0.100843999954726,1.04967020618536
2821,0.421928712972276,0.592453881778055,1.05486755437621
2824,0,0.443012953275098,0.884958646375255
2828,0.395547035688079,0.591520215945416,0.993463590886456
2829,0,0.416217057280040,0.902692356490254
2833,0,0.317526961194251,0.785713770766092
2837,0,0.391050952282196,0.877183954501225
2840,0,0.383421187827955,1.07504467760996,1.19037330111008
2841,0.0698709725963694,0.752072030029097,1.06205817813982,1.38151809991332
2845,0,0.217423092196299,1.08549003192433,1.27153012815732
2856,0,0.622351555334116,0.862405259107307
2857,0,0.424813152306155,0.792938292931431,0.992653030702134
2861,0.0899745144770987,0.901636938908650,1.30340770018617
2865,0.0940797183923693,0.556674812224451,0.961422869427106
2869,0.164010567986974,0.682387000163998,1.28844242740095
2872,0.143121164822850,0.587297352553361,1.06954618077988,1.36686438635261
2876,0.0412617430288031,0.925123513372456,1.13482681391756
2877,0,0.476112747867101,0.920383721272148
2881,0,0.376269028448283,0.664070525926153
2885,0.176458616440840,0.771885703716555,1.30533876607230,1.46688162811815
2892,0,0.470279265132977,0.742412945040646
2897,0,0,0.741229026924229,0.923179065018570
2901,0,0.655718179784026,0.787652091705605
2905,0.227584977508076,0.499168138450957,0.897913041804659
2908,0.328633919658583,0.655910394237670,1.04166691748145,1.40878654844792
2909,0.193007458861754,0.626442055968357,1.48611182895866
2913,0.0818041842424673,0.684711304941490,0.951783310765643
2917,0,0.290179056033117,0.888668565734722
2920,0.155201949484269,0.525135061092831,0.996539225877712
2921,0,0.265702877310368,0.978562657995420
2924,0.397999565068423,0.717110342295874,1.15987651602515
2929,0.358830371405547,0.639680368009147,0.934719177462482
2933,0,0.381900366434384,0.849228329368979
2936,0,0.349905476198225,0.934229865472583
2941,0.183050386335514,0.617740922377236,1.29430946693106,1.44218514496405
2945,0,0.285950446395962,0.806451488728390
2949,0.127125677524337,0.603918140254008,1.34149269261311
2953,0.190814995047955,0.610167151883085,0.959445910545067
2956,0,0.150874313542084,0.825319782729723
2957,0.225277963161005,0.523347407284008,1.38219281032121
2965,0,0.513539583039719,0.793746587840997
2968,0.309784254256967,0.518902685543111,1.05113894938600
2969,0,0.323672724845959,0.861062786114962
2972,0,0.244958666980999,0.765063542825194
2973,0.332085187640406,0.652341106192810,1.27117594816432
2977,0,0.325748778507219,0.732321008714960
2984,0.121933660498763,0.515921733476570,1.27200965511798
2985,0.141370769199200,0.789255644248691,0.951283599219539
2993,0.165816444168386,0.609120787430582,0.964532493968900
3001,0.0814849435717726,0.668956256139511,1.03060792237274,1.27855742484167
3004,0.173182659768406,0.731086993899762,1.04243427653129,1.41918769939659
3005,0,0.262619825205327,0.873164311599336
3009,0,0.513715511454676,0.920052346159629
3013,0,0.130130338478259,1.05485565950792,1.42046153427376
3016,0,0.420941625989124,0.917939310016510
3017,0.147974629544498,0.651422630068203,1.13141771483101,1.28045196725755
3020,0,0.401356835565125,1.03958121236365,1.42646362458375
3021,0,0.389893689268934,0.874462135935907
3029,0,0,0.814018344192665
3032,0,0.402859143971732,0.839305847730307
3037,0.238921060288991,0.633802575462127,1.03236917011087
3041,0.124558110753659,0.738419601981571,1.09610054923184
3045,0.393304469499099,0.789986256858392,1.01660370569196
3048,0.108948259902436,0.656475287097431,1.25144056729145,1.36803539516555
3049,0,0.437233979948790,0.594918846562086
3052,0.128846969189628,0.640054343805031,0.998193270050827
3053,0,0.288629276923321,0.830603942683228
3057,0,0.262248853077345,0.970096878739786
3061,0.154111946106142,0.540197123316147,1.11146362314494
3064,0,0.417044408649241,0.976344872185422
3065,0,0.481005541087985,0.816781424739449
3068,0,0.147970798454126,0.869133243755365
3073,0.214144678929629,0.568633628609721,0.831870276500381
3077,0,0.387012150150550,0.868134887191406
3081,0.160991681334424,0.632567180800016,0.962195209355934
3084,0,0,0.676167125605029
3085,0.260342211607201,0.633195208102188,1.34656281120616,1.43931043720331
3089,0.240816509004709,0.590318342561421,0.993621482197619
3093,0,0.305074855040712,1.07628272050878,1.43314223904353
3097,0,0.544817278902726,0.782725333146991
3101,0,0.419413428423205,0.968667301398014
3109,0,0.279354172989166,0.885907344699745
3112,0,0.238132169948225,0.654783861702171
3116,0.452598535201854,0.658407153061279,1.00874676131672
3117,0.130340916631054,0.587740539757356,1.34488059274117
3121,0,0.283036213101440,0.816435645565076
3128,0.101291797543193,0.671398763290829,1.11741100086579
3129,0,0,0.772981178979964
3133,0.298822144357748,0.699525714715835,0.871941744149055
3137,0,0.263800989073187,0.691524218549494
3144,0.114395614954586,0.617511809707671,1.08531039447707
3145,0,0.414958422095854,0.753747515486890
3148,0,0.120484189620353,0.851667990756986
3149,0.117516354373848,0.858415365437749,1.30049648855390
3153,0,0.174451710298732,0.784016610208135
3160,0.227057105629579,0.726326751293754,0.987803802965637
3161,0.192913689712410,0.435865228688356,1.11239758808887,1.45881070560977
3164,0,0.383722001795340,0.797104063333893
3165,0,0.316924154096034,0.857197691879790
3169,0.0726001030187651,0.697458504186685,1.16430268583145,1.33670118170884
3173,0.0737338472614010,0.691175570689139,1.17659730850086
3176,0,0.582406136240092,1.00702815620725,1.22781240970352
3180,0.130648218692674,0.516822513374059,1.17763954463639,1.47559427151360
3181,0,0.469791901435344,1.05279806672705,1.25696539900866
3189,0,0.404355649466591,0.959649461948317
3192,0,0.219928549221502,0.913517769838466
3193,0,0,0.454685034744538
3196,0,0.219456177154614,0.714022695453045
3197,0,0.339639128909973,1.10228062294640,1.38632521714267
3205,0.0442125436693988,0.601270649890015,1.18233584651939
3208,0,0.501010525825062,0.695621567344994
3209,0,0.231589488860612,0.985188648472171
3217,0.124637811493266,0.451036066863684,0.853934927703973
3221,0.323899173119483,0.735896098386331,1.07349123154104
3224,0.320680890943653,0.657814703151375,1.01784967959466
3228,0.385450853495432,0.606625932777783,1.05326353442399,1.34352235845176
3229,0,0.236295543384030,0.823660736431573
3233,0,0.461004609866793,0.870384513566340
3237,0.232619107575767,0.660546241627224,1.24311858720596
3241,0,0.204094893346305,0.863446487626311
3244,0,0.476859568542092,0.757653931699781
3253,0,0.400916998343164,0.978231325633050
3257,0.172935893046418,0.558705913526767,0.942455023471833
3260,0.265078485373827,0.826734301501769,1.04709144827974
3261,0.0664606538982720,0.754705346366574,1.26498710775901
3265,0.0899293745562897,0.552553769396041,1.04278415027413,1.41760449341410
3269,0,0.346774691253694,0.997699700387952
3272,0,0,0.687458724285844
3273,0,0.373634101547917,0.800593879748217
3277,0,0.418071443160800,0.713144121745749
3281,0.148434295983290,0.537725761569559,1.17604144263673
3288,0,0.466436384794952,0.941305206238611
3292,0.0618523250544663,0.757306002746466,0.819392175808152
3293,0.298221939413418,0.825134765954153,1.07992161272344
3297,0,0.385955227286237,0.753502223878671
3301,0.249972891322483,0.510608989065039,1.26740573400754
3304,0.112245613663643,0.686570842572014,1.06605456325389,1.36814161026703
3305,0.0688919800046322,0.668413711005396,1.04672061159320,1.45402116306448
3308,0,0.282312561880915,0.858468357774847
3309,0.0315755756770922,0.863976701103070,1.10553333386656
3313,0,0.213816182707793,0.709403972658652,0.979888985770475
3317,0,0.371224622686255,0.839039014945774
3320,0,0,0.484060285380085
3324,0,0.451892757728198,1.00745674273292,1.36907374774924
3329,0,0.282273492679962,0.857647432932506
3336,0.108279269370045,0.654048262856278,1.02794735744705
3337,0.167724294178859,0.614018310723299,1.06915646751243,1.29994096027091
3340,0,0.560728683008227,0.731908112782709
3341,0,0.293400059781828,0.946383505274588
3345,0.193742724114095,0.805201238819525,0.983712818059443
3349,0.0763329781228005,0.700376119685956,1.17440494719134
3352,0,0.267431205281889,0.896698785866586
3353,0.317881668441822,0.621392716278694,0.906698073584155
3356,0.0418317555098129,0.773727296726942,1.18355737912745
3361,0,0.257968851194639,0.784645414541133
3365,0,0.432614185649775,0.860751675930962
3368,0,0.254118642489508,0.997260960557791
3369,0,0,0.548983340719231
3372,0,0.419575273998570,0.763361276088787
3373,0,0.369912232486825,0.927032372062352
3385,0,0.178742022178673,0.615322415690973
3389,0.0947950043736119,0.762381057297329,1.25695973752994
3397,0.326968351483660,0.505930769922091,1.18908745492611,1.38783626016302
3401,0,0.242608572101834,0.832011636499659
3404,0.295713684854228,0.540961475209954,1.06578895382570
3405,0,0.445834969422426,1.04237139123186,1.45613501685123
3409,0,0.350849520826287,0.898224510832539
3413,0.0514791310315577,0.421744613080750,1.30688162830395
3416,0,0.495842425101410,0.874053507964746
3417,0,0.290469456369951,0.694940175183309
3433,0,0,0.532847836920625
3436,0.0529593552398926,0.642389944644664,1.21916167217744,1.44916464063040
3437,0.0721538531733517,0.674913262970657,1.12851862150814
3441,0.0697477500416284,0.652054827464775,1.15709464297770,1.29881363313510
3445,0,0.440909972766701,0.739007035490002
3448,0.121052326072380,0.674235331455810,0.982679282103821
3449,0,0.436257537156185,0.840258213047960
3452,0,0,0.476827503958961
3453,0,0.333902310519480,0.685542276812581
3457,0.0737814125147615,0.767653123510613,0.988672549530470
3461,0,0.555387514833993,0.980592492892430
3464,0,0.196362284978644,0.942572375662159
3469,0.0472306615015029,0.541413930657836,1.14416719075026
3473,0,0.476665057046529,0.676822207996996
3477,0.240816091974990,0.619346960935753,1.15668381148825
3480,0.196031874632785,0.776624742832354,1.00776289557288,1.47508315320284
3484,0,0.253868730407008,0.882071239049308
3485,0.252509063535016,0.749293874436751,1.25649573320686
3489,0,0.327751559813766,0.741688076758061
3493,0,0.452726577985821,0.694428444452508
3496,0.0944970401597284,0.797399536511385,1.15641123414975,1.28509916669143
3497,0,0.331625232217341,0.703795486879068
3505,0,0.465349089320638,0.764250117078614
3512,0.190602869444210,0.695802937045823,1.10005978828809,1.44029916041265
3513,0.377729340842997,0.689865088333745,0.936853643424566
3516,0,0.524730390473766,0.657665551902062
3517,0,0.263108893649210,0.840402249858567
3521,0.167707521758579,0.462198722167993,1.12584626131259
3529,0.0841454103633402,0.671575116484839,0.875346196661213
3532,0.134818297925934,0.566787940346178,1.00168080755947,1.36300551445953
3533,0,0.571716812258784,0.844554317121007
3541,0,0.612550000668541,0.711769489014324
3544,0,0.386257503158215,0.653713112502010
3545,0.0606264351363915,0.701621504329761,1.14149829972059,1.33648980645458
3548,0,0.361738758532419,1.05880842631518,1.32295739451706
3557,0.0508753242380908,0.416000390867884,1.32888892130283
3560,0,0.342618918301546,0.771729182731793
3561,0,0.491278454138254,0.814519458199953
3565,0.119292379273537,0.764226478713359,0.943070492426349
3569,0,0,0.678417167156576,0.975630676253222
3576,0.276191137084210,0.691106662516701,1.28817149858649,1.47842350948890
3580,0.173611607279994,0.612884799984269,1.12252471997199,1.34951341242893
3581,0,0.387917219261487,0.893326624757579
3585,0,0.415563022928364,0.801913213482638
3589,0.103567211121512,0.774696925803489,1.14321725346107
3592,0,0.253743731797287,0.791520309626591
3593,0,0.329956907869470,0.748658857657649
3596,0,0.501574044854389,0.849270706887277
3601,0,0,0.729251360026304
3605,0,0.336665986581478,1.14468476553707,1.27371964395605
3612,0.110085896023133,0.640798813230335,0.990712247549117
3613,0,0,0.473490340964444
3617,0.0672387966161778,0.636546113855031,1.00541079957846
3621,0,0.333319247777091,0.975270221176267
3624,0.379740053053290,0.709786800846776,1.12968242529864
3628,0,0,0.567570826183538
3629,0,0.284719267334108,1.01178898583808
3633,0.175488859395850,0.521827474359884,0.981280154876472
3637,0,0.298732026258865,0.811866243193677
3640,0,0.336163075138345,0.875561044724681
3644,0.184253106504664,0.673233133898798,1.13658958145718
3649,0,0.319677739829876,0.840128539211500
3653,0.147563855892817,0.573046817385587,1.36166924218627
3656,0.185115942729291,0.684305903668549,1.07650060827345
3657,0.149207961683264,0.577425272195041,1.15691017371795,1.31939509489651
3660,0,0.451498464654431,1.01779286104107,1.10988050494556
3661,0,0,0.664284241435557
3665,0,0.408912962839869,0.794718496804604
3669,0,0.405694807336234,0.925667341053639
3673,0,0.420985382418855,0.621481771884949
3676,0,0.407686768010238,0.801237116043100
3677,0.254813477941273,0.551176482338599,1.09716481746371
3688,0.289859861240818,0.456435992233711,1.23634816011744,1.35615537106573
3689,0,0,0.611860341546117
3692,0,0.266561730736488,0.902022093413847
3693,0,0.346270716459650,1.03540057637799,1.14443217263188
3697,0.115132710771793,0.437043548989953,0.961788902190855
3701,0.0535730857625095,0.862817916679919,1.29176089785864
3704,0,0.351415728060291,0.831247943295769
3705,0.145570418592709,0.697599498459975,0.919508170588959
3709,0,0.446109097488322,1.03253001652275,1.25778464650630
3713,0,0.455477279978219,0.588694512858699
3720,0,0.573306698092871,0.803552723494380
3733,0,0,0.482589975123699
3736,0,0.375559165502519,0.793982406157344
3737,0,0.561613378740805,0.682210525137020
3741,0.346881169791997,0.657906933259399,1.35000154345456
3745,0.363274691671589,0.564021960753590,0.951776475265845
3749,0.0772258630242673,0.533819179668599,1.28685920828399
3752,0.116565857815317,0.490742924717995,1.20929872411415
3756,0.291815344173358,0.520525637312894,1.20540581898283
3761,0,0.394375666094983,0.836964519821331
3765,0.170594973615355,0.693636591571659,1.19311297717977
3768,0,0.177398200347788,0.842764490721020
3769,0,0.453097153053021,0.888063589160248
3772,0,0.172656584933058,0.791081101028366
3777,0.0896599220898147,0.502412241165826,1.05332892800373,1.21413932368413
3781,0,0.262792849812584,0.828515662967248
3785,0.283961451760365,0.591901317344306,1.01777390678857,1.40095486230417
3788,0.201318403021746,0.450134230607763,1.02957575313895
3793,0,0,0.637639752283323,0.874701468132952
3797,0,0.424252150039038,0.942820990605317
3801,0,0.265603900258942,0.896282944201607
3804,0.0450809861525863,0.701074321625983,1.09250197553366
3805,0,0.190574538120614,0.900725341317564
3809,0.139271136036148,0.674463993319430,0.817124346825296
3813,0,0.432245625928724,0.964612209747242
3820,0.168039951819421,0.620401803939929,1.04744121181031,1.48126061679374
3821,0.432978203158065,0.674712328815980,1.21768949999871
3829,0.170908328967751,0.573777977501870,1.12162797970588
3832,0.335581557160413,0.694752865812826,1.00274646644844,1.31456541251337
3833,0.103149912522839,0.388812004700650,1.00633351411593,1.44573462915041
3836,0,0.272282091121660,1.03665560050373,1.32346049895625
3837,0.238363232852621,0.492050259175698,1.11715343544073
3841,0,0.242458439234316,0.803864358744554
3845,0,0.357586782141780,0.969544018888638
3848,0.0851274292088344,0.738644889284344,1.13183563325152,1.41418903685666
3849,0,0.456784952597603,1.00645430968441,1.12831746443009
3853,0.0823282521516037,0.635387071650008,1.03000749371243
3857,0,0.403764237078574,0.798883869705938
3864,0.270154410431569,0.721206506710283,1.16912016465923,1.41759641413050
3865,0,0,0.619070334776243,0.916708027926412
3868,0,0.301387261235600,0.613615285247813
3869,0,0.458615613150431,0.933918713828988
3873,0,0,0.522630489677191
3877,0.150671067287601,0.718410931246741,1.04174443355913
3880,0,0.337450628907828,0.675675423382454
3881,0.193270948318552,0.604481988363927,1.08152878070195,1.46152971387239
3884,0.110864875972467,0.893441419516138,1.04712507302936
3885,0,0.406599895208667,0.829243750393902
3889,0,0.394551220235066,0.729962831901913,0.963478837073262
3893,0,0.159707338169665,0.792270118627707
3896,0,0.395062078213106,0.861213477872000
3901,0,0.433364301843451,0.792795696829332
3909,0.205693849209141,0.822896180898864,1.17695047227824
3912,0,0.392100636842034,0.863724295677358
3913,0,0.332126359386336,0.722471180690929
3917,0.255437413813197,0.641201392239660,1.08060180061417
3921,0,0,0.582510425265768,0.989839950627746
3928,0,0,0.343289639116764
3929,0,0.347474061357306,0.827387418062873
3932,0.0500436106044432,0.558997160260380,1.19754081084783
3937,0,0.195342366345533,0.775526233979388
3941,0.302632631135416,0.535387635023254,1.33631403100280
3944,0,0.344337020248081,0.877162872671959
3945,0,0.233435841262271,0.837914558633070
3948,0,0.421407801390506,0.822436706848496
3953,0.362809760333602,0.603346989069900,0.946197617880794
3957,0,0.326033316025990,0.738660984296593
3961,0.345447155593121,0.521322520775586,1.01427859966199,1.40380886761412
3964,0.106166160476644,0.660758340694084,1.02959980644726,1.41643095486152
3965,0.0565897015589102,0.816682679168256,1.13436074365595
3973,0,0.376330086783312,0.672480682700972
3976,0.127179850643326,0.490080481039869,1.14911053269686,1.44392752012290
3977,0,0.236124764422930,0.820417242103637
3980,0.207880195747726,0.634562841649943,0.904264504721178
3981,0,0.359223524434738,1.09511652967301,1.49458429292556
3985,0.0962321422641162,0.504993617853347,0.933978408558111
3989,0,0.378694492376504,1.00350918235529,1.42307583308990
3992,0,0.281862651869741,0.856205605580247
3997,0,0,0.578716898818797,0.944664196438519
4001,0,0.585777303365375,0.716406653777381
4008,0.104987940803039,0.631654212938830,1.01251040160380,1.49310367911358
4009,0.151096080371268,0.626994053232592,0.917766121677898
4012,0,0.328038951289970,0.634522694057420
4013,0.136843812095063,0.684473302787643,1.04577137483412
4017,0,0.335079568520171,0.894363599184538
4021,0,0.507161938875494,0.829495380532686
4024,0,0,0.624571027442188
4028,0,0.353726642933806,0.711718021849861
4029,0.194006533981749,0.755521270410853,1.08360424798350
4033,0,0.259944595659381,0.654033342574088
4040,0.267232049817067,0.762664271936917,0.973534830896046
4044,0,0.643069635491164,0.803541658441176
4045,0,0.426260237559206,0.776365265297670
4049,0.191275153674780,0.583906808014584,1.15616635316102,1.37703393192059
4053,0.215666025493770,0.637568651256552,1.21455904838953
4057,0.108278474179227,0.426153992353227,0.947156339419494
4060,0.332665002921483,0.738131237584709,0.856191573350017
4061,0,0.457244344889568,0.674508497611601
4065,0,0.359974897601334,1.00184181660098,1.14630191109672,1.46968445111157
4069,0,0.449307802417054,0.809713266882983
4072,0,0.351302843821957,0.834524186619321
4073,0.198407919367080,0.586969279682528,1.12047061260129,1.40154165851804
4076,0,0.371795198317662,0.741495054230995
4085,0,0,0.685822640922468
4088,0,0.397453201840419,0.654439942108465
4089,0,0.394341294275040,0.691169482630202
4093,0.159634127766639,0.666854687893824,0.981760347595153
4097,0,0,0.567472290110622,0.938169861458653
4101,0.0613140950055195,0.717366328942762,1.21946739522641
4105,0,0.329287176385127,0.771833350393528
4108,0.109844630466537,0.615919400640612,1.04374134451757,1.42910960489927
4109,0,0.192122681167833,1.16148486597755,1.43034677595290
4117,0.0381418043797391,0.743586978019740,0.975147358377022
4120,0,0.332205963767346,0.840591869805904
4121,0,0.156493734168943,0.946766236639485
4124,0,0.294331462724077,1.03080613674932,1.26464103655302
4129,0.0894295702416389,0.454357308946306,1.16525364373925,1.24018601456542
4133,0,0.418007766334829,0.936159174284008
4137,0.301477448779718,0.584408457918872,1.03440551549326,1.34006489333913
4141,0.178997340785553,0.536581293044749,1.05806481485511
4145,0.240771539312093,0.528778285905205,0.887586412932922
4152,0,0,0.558589060727001,0.966751796348924
4153,0,0.274676932533890,0.637122217389639
4156,0.236559261759102,0.723792184612471,1.08624516367834,1.32292499502651
4157,0,0.492623473827156,0.818913630650867
4161,0.231949286424009,0.786584093587257,0.956915108639243
4168,0,0.445074619445834,0.774943073936478
4172,0,0,0.670021293229799
4173,0.243169855195094,0.583733299979741,1.07200231819836
4177,0,0.248238620604171,0.802521894533214
4181,0.0422268312675809,0.439026522792516,1.36174163247299
4184,0.0849213725653060,0.633628529185267,1.19735954240317,1.49219129612431
4188,0,0.255817702014589,0.735555727751602
4189,0.300048641791898,0.791037213043045,1.05553397240087,1.49378396788291
4193,0,0.461937209255352,0.673519988730973
4197,0,0.274795310500812,0.808876267436950
4201,0,0.380418700904022,0.606355826570781
4204,0,0.402319006765100,0.804463177644440
4209,0,0.384687508660892,0.788768846633459
4216,0.102874067450487,0.685910202384770,0.959440507707249
4217,0.388691931258346,0.602375185983048,0.805819911752672
4220,0,0.344142353676380,0.939067781570193
4229,0.0927558362232062,0.664461299761387,1.20303777516551
4233,0,0,0.501261909521758
4236,0.144952417798217,0.633923938094810,1.10377262963377,1.37183901524171
4237,0,0.220643472957039,0.803397282715108
4241,0,0.271677515260158,0.930219219972126
4245,0,0.388162999268920,0.902308930490109
4249,0,0,0.460496197886529
