12,0.755089422272758,2.58162833387306,2.94410895101607
17,1.30978849460469,2.21188060384467
29,0.564187571498591,1.25828313986682,2.56071795074181,2.94034271051455
40,0.268577177121299,1.40775226414183,2.49473470338562
53,0.664295996305373,1.52470076895833,2.37328257662679
56,0.109314496091956,0.939766425286779,1.61022084990104
61,0.530403464027638,1.58729415211628,2.58658583479161
69,0.905108677435359,1.35293706349814,2.58526427571665
77,0.626508020408044,1.31036160438068,2.32149424196301
88,0.753043227830766,1.78943120753054,2.54835823282706
92,0.436093024343298,1.38583431650620,2.01337645804283
101,0.434507835494996,1.00283724908903,1.64919739984007
105,0.499885331578759,0.943216238282900,1.86445969188284
113,0.771027494805425,1.44879753978495
120,1.07784419902356,1.43027456665406,2.43195348569955
129,0.431642612182887,1.08939255212667,1.59998834730472
133,0.0558258168756888,0.526697769857031,1.65751905285748
140,0.294716987315448,0.922444636728301,1.75197104981395
152,0.807225890798730,1.45328480908441,1.87080270902570
157,0.0424738876275782,1.01932923096483,1.77816486664137
165,0.512023106323613,1.24001907681316,2.05853054957603
168,0.102806445873270,1.14868445333504,1.78342049573924
172,0.529451886911207,1.79141099386593,1.87296150404395
173,0.808335944408901,1.20222622651900,2.15660698419522
181,0.322395513553154,0.865768261019482,1.60110301546929
185,0.444110988213750,0.795363458931489,1.46894784905791
204,0.624072812343230,1.20680390212327,1.74453526354069
205,0.640127388631997,1.42788420292084,2.09171775325137
209,0.0871125364310474,0.427516872753033,1.09558774336249,1.49783344591188
217,0.408600293975154,1.14698493852149,1.67235168244674
220,0.215503623624172,0.807895736986567,1.64982952312605
233,0.540333676262437,1.00258448513855,1.57565744663974
237,0.756164518690637,1.51182207057174,2.05962192913125
248,0.530555797776005,0.942650603633668,1.72056664053983
257,0.249909554072765,1.00199247392417,1.22820410690877
264,0.0584816774910878,0.372943660785147,1.31884464400940
269,0.189104045047564,0.690448788115183,1.08757222797046
277,0.335563914386014,0.963643964113824,1.97264323747303
285,0.367769489289644,0.932005187847930,1.47388246442367
296,0.365215982089497,0.683830028459534,1.52513942678241,1.88236303086780
309,0.267861921184582,0.568397089907208,1.38950305587516
313,0.841146298448590,1.40054477366413
316,0.353282582614404,0.947546849232693
321,0.714564400885797,0.973982813301060,1.58592716112825
328,0.484949907902155,1.29848727479264,1.90841833266515
329,0.116956899375491,0.650890665341440,1.22701139927107
337,0.135298296886964,0.765477061052116,1.37098207029008
341,0.283923072596689,0.924280936476296,1.25410489057765
348,0.0727922655248393,0.606249221570240,1.36524785479325
365,0.277986337017451,1.05653187845355,1.63997051232748,1.97921918744213
373,0.278798697235202,1.15023072669605,1.53884189397528
376,0.278872592653023,0.813025420891946,1.33516160097175
380,0.296266789884406,0.856820057278419,1.14401560171537
381,0.522336906718567,1.17688962002452,1.40126284422159
389,0.454263249086977,1.03509564804906,1.45454205362500
393,0.130340216419918,0.683474409201441,1.18075655063435
412,0.173482930094962,1.04439722069256,1.69780546413408
413,0.142672738521895,0.791773207791110,1.35982075999384
417,0.470901272974761,0.817945968006728,1.31290912113413
428,0.301767198130164,1.06363005814631,1.43745550156378
433,0.321587160820542,1.01582552604233,1.47402498663554
445,0.0177695156900562,0.683019294826441,0.933861907761975
456,0.342015183380025,0.921471537276232,1.26617880965525
465,0.156883207515733,0.559565839065877,1.31750051297099
469,0.288430112833517,0.807203597841274,1.17462658755028
472,0.216243484596450,1.03031312173484,1.50437468160514
485,0.766442562936534,1.11007030858620,1.42089932286709
493,0.880770078779681,1.22928578198217
497,0.275560618740479,0.726395281334662,1.30086139332768
508,0.0962595385967626,0.852420171324968,1.15386718085637
517,0.0602867955712895,0.285958897744831,1.22262908248367
521,0.699665094192026,0.848572240016155,1.25975453827552
524,0.123955023612958,0.598032297716501,1.01111096974959
536,0.240191438993693,0.773316601492219,1.40971370447841
537,0.446933651107707,0.896475574622565,1.55716090548844
545,0.480389458553543,0.941355120382288,1.49182115530925
556,0.0387810772634780,0.545739263157612,1.03744175008843
568,0.251171723612589,0.828318536662802,1.60466229949374
569,0.381674320406877,0.718849157366715,1.20442914369703
573,0.238987585758676,0.697588398283131,1.48735011099394
581,0.0938395835144850,0.642973788711923,1.03994069550607,1.45930680418051
584,0.514935600665070,0.782945546783202,1.38634846540312
589,0.307669325126815,1.00406334961827,1.37972264147989
597,0.0919342620581968,0.938595147413296,1.27499495377665
601,0.219256939211482,0.592945776100653,1.01072865175032,1.40150451786191
620,0.648125116636065,1.08566472138483,1.58349259221928,1.87109418456106
633,0.408923769894526,0.950851777626848,1.55559136493656,1.85557423963269
636,0.335921643341518,0.814269093982148,1.27677889696883
641,0.182946343234507,0.628905795949697,1.09607452964329,1.32798789786179
649,0.177164506849772,0.762536704599315,1.10072076596661
653,0.199840777179276,0.704038568796135,1.15981057513889
664,0.218417716790889,0.693601691982370,1.27707808874779
673,0.535893836556476,1.06697873817515,1.44773338226110
677,0.365749817309662,0.983960576320377,1.23947575321636
680,0.0990849844438033,0.502430954029564,1.08979613504632,1.47156019748782
685,0.457613134769000,0.630594236715651,1.53710721732511
701,0.201946259470100,1.10124287339155,1.31336985201138
705,0.117034117956871,0.558256046794657,1.19626588312926
712,0.491586360880854,1.06429216919505,1.79088949164618
716,0.433365207195123,0.972047742106185,1.26260796504781
732,0.331477976497993,1.05536705579330,1.48986231180880
737,0.266344165091084,0.479363466464756,0.893028556660038
744,0.280724684886527,0.596420859355533,1.17326916629251,1.42479797575171
745,0.210445276067781,0.839416310036966
753,0.209662234310203,0.791783710934421,1.29990436477622
757,0.402166884370794,1.15594433463769,1.63408911097356
764,0.190508014725680,0.772424718199423,1.26669547804190
776,0.750774736502029,1.01015254395389,1.37813497577012
777,0.0919870558151241,0.570481510330541,1.11733398120410
781,0.153152266965727,0.721640905749222,1.37591745767742
789,0.489533002720048,0.878432342242120,1.51034386843645,1.84451805753792
796,0.0358788136835259,0.402940784371249,1.13835727032400
797,0.438543003399829,1.08678540086619,1.59857732417028,1.94037676374270
805,0.0246473089206853,0.685477260596498,1.16830843600280
809,0.274778054782343,0.669388352021803,1.09218805957728
829,0.197188900164217,0.486482088278565,0.960750009795927
844,0.308467727285132,0.675826768551081,1.17934270556929
849,0.129721530559754,0.359408645929435,1.09143266293110,1.26051176543623
857,0.0496840989390029,0.200477962699234,0.895566060814520
861,0.167067568335695,0.568778858861709,1.08561070874770
872,0.299472058940892,0.954323587439427,1.26661452700476
881,0.163640296630685,0.781560102203925,1.07757353477271
885,0.120461114074452,0.848215307436995,1.24472393409569
888,0.494728456755557,0.891460756008086,1.48746446469148
893,0.518266518978825,1.11367690043503,1.52230271914025,1.89248392438352
901,0.0635748354854883,0.305072559502198,0.748730134741924
913,0.605882742886747,0.870056977674838,1.47763349921599
920,0.228442582901687,0.718462487923193,1.06680908526795
924,0.412045748493303,0.742886938637250,1.20690379696067
933,0.178821859043733,0.489816529254892,1.09831625311783
937,0.728197542841932,1.26674229173893,1.61074252038502
940,0.108311328786126,0.979681964143012,1.28007082677742
952,0.0384628082858546,0.485965702821549,0.881071687932231
953,0.662949777418846,1.04748682795189,1.29167685352879
965,0.207085102798827,0.743726825474572,1.20128999046941
984,0.141797483724415,0.390094131556514,0.876751524546117
985,0.0741334522264798,0.308120118004391,1.10226299008621
989,0.381594095285335,0.845868703295489,1.31458375914894
997,0.204661779056161,0.851452504399684,1.27673789089604
1004,0.257936031325531,0.591451904826657,1.24327848531563
1005,0.0671649384870548,0.281390405853062,0.889280270716748
1013,0.314050579551309,0.812401738533125,1.23935423364655
1036,0.381057549411592,0.794927764504758,1.28875228550911
1037,0.0249150314405489,0.862132853300762,1.04600198048049
1041,0.431481174501861,0.600005729754394,1.21514031683722
1049,0.188415672554993,0.453888945331188,0.972476562962874
1052,0.336170112061059,0.838062387801833,1.38066560249148
1057,0.333462376563288,0.732107680728811,1.40110570721610
1065,0.272321165520039,0.651274364254303,1.24576505987323
1069,0.543190156665497,0.993709563359442,1.53077126908121,1.96312842124959
1093,0.204452752116697,0.530204888706957,1.17853974434301
1096,0.274979806171927,0.890356250693611,1.38419665584227
1101,0.705738551351607,0.783287106045485,1.43361915603828
1109,0.567993789527174,1.06922497173443,1.48633175455197
1117,0.166100660623185,0.626131511861112,1.09380692807177
1121,0.294648778740206,0.793763111234211,1.13268366787436,1.41857494303465
1128,0.109793776329828,0.521791125327572,0.910070383050065
1132,0.105700358306488,0.422214614012721,1.31602633342006
1141,0.505726464492157,0.939660532156159,1.67811235082368,1.83308554175623
1145,0.408238672236685,0.834693368567546,1.11691903072491
1148,0.760929602283160,0.861473815762053,1.38083202753599
1153,0.351724409973195,0.589038493212515
1160,0.0264484668831636,0.799479031577175,1.07010480810626
1169,0.393669726237290,0.891869660349355,1.26342028277930
1173,0.576836307447680,1.10516496755539,1.43115129390078
1180,0.455464842374696,1.03001665737492,1.43262616677098
1192,0.275120550611287,0.760106834224078,1.40326535424873
1193,0.0297926425614147,0.835154865217530,1.06860250942774,1.38472942109514
1205,0.0520012789760256,0.539376618038284,0.951827942232496
1208,0.417561881140031,0.678347537477141,1.30834578276713
1212,0.0511763966116774,0.678490574611482,0.876688787820394
1213,0.126220628273489,0.779257528974463,1.40590947401800
1221,0.279651161090124,0.741984572709516,1.06967845934943
1244,0.228973689057821,0.387597647576781,0.965716846170770
1245,0.226675119062728,0.443306161049594,1.13707579183856,1.39520228660871
1249,0.141366126669004,0.799000231938758,1.16274143010793,1.37315000932918
1257,0.417681253483831,0.984432653757383,1.21425879213455
1265,0.621265453099796,0.900801744922202,1.38854558178985
1273,0.127509109274943,0.631275359165957,1.09401571910524
1277,0.0943873230307090,0.658597176025606,1.15422936273106
1288,0.215267185717909,0.554446184992572,1.12556802785716
1297,0.0964672052769976,0.362643534020192,0.884381430543810
1301,0.433682813056859,0.680352567383234,1.33152895983590
1304,0.115458001005904,0.645210586495157,0.828751896593874
1309,0.284972013128822,0.829463827094164,1.35069922385128
1317,0.0109003606792778,0.257837633314356,0.852537790578544
1329,0.280180181855202,0.665057383086921,0.914113373824319
1336,0.611183250135758,0.833506681659076,1.41769720822477
1340,0.329035135329182,0.875930688649835,1.19733851879007
1349,0.247820040690007,0.656354126630244,1.05284504572781
1353,0.115491126599928,0.731387125963266,1.26158871457673,1.46577606211756
1356,0.378408855868528,0.909509918343386,1.37654172564050
1361,0.148596275039575,0.566682320446157,1.04636110379375,1.22762402419605
1381,0.0805138697538888,0.622100730529007,0.877401605800232
1388,0.158063641571314,0.517724099622320,1.27647566161598,1.37834666387193
1401,0.197066575501322,0.540290861833440,0.962602796042285
1405,0.176782780065515,0.729323131325038,0.985469676481248
1416,0.439469257166775,0.628739777495504,1.09612092943080
1420,0.317600782044902,1.10035489297474,1.42239557604873
1429,0.280601253968589,0.450930757353020,1.23994790949607,1.47685821465109
1433,0.349477894572257,0.518358033276310,1.13385211677370,1.41245293365307
1453,0.587098315227234,0.816495068712861,1.47083487428480
1457,0.296594345140427,0.784980105710838
1465,0.395026591901940,0.635110269278020
1468,0.0338988587801865,0.467795499469173,1.19693555170034
1473,0.0778224031449314,0.334645108728150,0.924493434070205
1481,0.437943700507364,0.874675334259441,1.18505496612528,1.41667756191482
1496,0.606651768448180,0.756669706660015,1.13444971301857
1505,0.356491699800437,0.495871186836024,1.25343123748622,1.36302380691686
1509,0.0900275094611288,0.740746842229957,1.20547816245706
1517,0.364057227515018,1.12509287670069,1.36172222702182
1533,0.183488090042188,0.670511705096578,1.30945059640190,1.47686818024267
1537,0.236407708836448,1.02710877517144,1.38119314891280
1544,0.189285885572137,0.720857905183057,1.12116564077828,1.36572640200212
1561,0.345801322429187,0.432991010047053,1.18498056073072,1.41187978113218
1564,0.434810617932954,0.709788085159985,1.24163747420353
1569,0.100283413805097,0.344439191230581,0.857112364512511
1576,0.200587220895289,0.423667654200878,0.841910026941864
1577,0.0309175882837060,0.515498979753357,0.954504278849974
1585,0.247537628388885,0.560932068158706,1.09333053254047
1589,0.283204705321581,0.648942747003538,1.06497900770116,1.49945392814546
1596,0.187999772676864,0.649956636395449,0.890562988877894
1608,0.0291754489783064,0.157812166558587,0.912124629956093
1609,0.467948457671909,0.942105516918970
1613,0.314919582095484,0.877711353000002,1.10935289724548
1621,0.279250108785106,0.891101697228989,1.16539482388285
1624,0.183086809045389,0.570211723856003,1.18051450205403
1628,0.0161200590067648,0.849245239011726,0.995928055259723
1637,0.437080477738022,0.745944126871736,1.24746969437897
1641,0.246449241094034,0.543195276037588,0.962034248511159
1660,0.211411460121746,0.661914255605339,1.31606392429472
1661,0.207608052206121,0.758560911573087,1.10767708576972,1.27493901546747
1673,0.0707335128509746,0.492981288998599,0.746392851932293
1676,0.211175388344414,1.00252984583873,1.17799442253430,1.47078497371316
1689,0.173300635803513,0.664388846879245,1.20699185466289
1693,0.497115712968424,0.861320871272113,1.37732383996516
1704,0.339647302304600,0.800907694453242,1.00807108588225
1713,0.580391020569391,0.940187037344301
1717,0.144394145822899,0.325756450338383,1.21339214259351
1720,0.318344828857258,0.620485003484031,1.25091086950289
1733,0.464908386320206,0.874647464762704,1.50430819464681,1.71271188455350
1741,0.295370356545257,0.468931515596129,1.14258233333771,1.42455022990452
1745,0.163817174844670,0.471244453735232,1.14794657807844
1752,0.607950882113364,1.04045897090855,1.28817140481099
1756,0.339589543338716,0.530235445884259,0.972938666892082
1765,0.0237674411997871,0.303214404436787,0.915438416609439
1769,0.315597238167335,0.972690322780278,1.21247909701100,1.40430090967830
1772,0.410465949243929,1.03304123911139,1.30080855478418
1777,0.423029176217584,0.781147055460818,1.07228066886681
1784,0.0325693576767924,0.752840598841712,0.973006189842134
1785,0.357252958951871,0.969254226640973,1.21086990310592
1793,0.263869092968516,0.824776694829915,1.17675401205091
1797,0.0467323689468302,0.500544943329837,1.11640575156326,1.21137655568606
1804,0.525910373976463,0.945619222235678,1.32505143940511
1816,0.330149256541721,0.770497472100203,1.17664199907097
1817,0.135621891157987,0.690334163249492,1.11819798987311,1.36309188395543
1821,0.263691927578546,0.773586849289071,1.03002478153281
1829,0.159885905855454,0.458053645858995,0.938054656753107
1832,0.298880989692777,0.827245836868886,1.17111979395278
1837,0.241170954421834,0.681565969813699,1.34973896444352
1868,0.330620183723640,1.06864610927137,1.38851133510807
1869,0.218567173518054,0.440055216007307,1.10265772791282,1.31989372808894
1873,0.0989724856826031,0.419421043583569,1.08496891210437
1884,0.155259568006394,0.682756354420497,1.15133916246033
1889,0.317893807506922,0.543407409952368,0.739726218384211
1897,0.242272622847686,0.569579968597454,0.918311930990644
1901,0.0560040484071629,0.593417973520377,1.19290092688623,1.41856803833408
1912,0.0466005958681453,0.701847779098939,1.05563752874500,1.38405106693739
1921,0.602486371234743,0.986714304957373
1928,0.0514690786886408,0.390570810768783,0.834943546671029
1933,0.270916846792248,0.691367104195667,1.13484663932218
1941,0.149347774310395,0.510740962744966,0.637628623517622
1949,0.436205005036301,0.731260769280202,1.19800020776893
1964,0.487133601488097,0.751536582976724,1.09489203236917
1973,0.735955989853539,1.10028567015661,1.32294723558651
1977,0.173517143928294,0.697109364699050,1.03708173737038
1985,0.503970775545735,0.932732983917363,1.43749697871268
1992,0.0264984569313882,0.430082764006351,0.942188688579461
1993,0.341634831115503,0.563937173944900,1.35849052194043
2001,0.377165625276049,0.576704619444950,1.19087307709536,1.32918270383605
2005,0.420146688838766,0.937425658317239,1.36021063922286
2012,0.110918438497220,0.536659610610394,1.15250161752613,1.43201154484790
2024,0.658860856179813,0.965239385522283,1.16864712879780
2029,0.0206014683928677,0.603935468528169,1.05910545316242
2037,0.406031383670412,0.583587953128963,1.37284359539890
2040,0.153178477804363,0.597893867161434,1.23869426386274,1.45266494526424
2044,0.161554867879196,0.239340567280069,1.06095074310399,1.28438834393784
2045,0.0956188091395186,0.485738926042066,0.792199235903389
2053,0.634864169576016,1.04219700161185,1.56422111074153
2076,0.404033543640353,0.877185389088148,1.24521252527948
2077,0.429416706342504,0.729259320564290,1.56303868869047,1.87840605162508
2081,0.318144006242535,0.857616100402203,1.15750003116698,1.44309176870680
2089,0.209804883246743,0.709890094044903
2092,0.0536459796587624,0.459284744742013,1.22489608287398,1.47710050357879
2105,0.397181046280494,0.730547478680404,1.15637257660994,1.42851686045538
2109,0.197106856981740,0.533341662601688,0.941568048821547
2120,0.445062970738330,0.573790442884317,1.22395846406827
2129,0.330543896098486,0.672616468456199,0.955990156300509
2136,0.449694052848489,0.920782759512603,1.13861914137802
2141,0.0740891384428748,0.551769080371180,0.901586222275324
2149,0.465681784470650,0.675573859598244,1.15591104527606
2157,0.253407622025346,0.721290201414976,1.01596253319960
2161,0.560051036060216,0.837026665713531
2168,0.280728739451426,0.460624475778846,1.13098947381710,1.42033516088575
2172,0.0748684407463717,0.700856412088945,1.21258432537194,1.48964355064826
2181,0.177664175747952,0.395905607453026,1.03757011607737,1.34443319852529
2185,0.117533593515154,0.481506148876901,1.08862045599493,1.49552855547119
2188,0.230392762440040,0.802682235326488,1.05940227244381
2193,0.361504199335401,0.858231157619937,1.17509407340806
2201,0.106839886337037,0.475534195362235,0.940278073774678
2213,0.0185956467181875,0.618771630321450,1.02238593770312
2220,0.138351877952900,0.444290218182240,0.957901562066237
2233,0.0574377479185982,0.412809129629890,0.811825358567477
2237,0.316016684516272,0.698848999132785,1.09859426774590
2245,0.264003799897997,0.718554711858005,1.22011261895499
2248,0.608740934665629,1.17357195852155,1.40720204084605
2252,0.0198468269317450,0.705710382040311,1.01305697517199,1.45763065984563
2253,0.364951429323912,0.748952454913277,1.39367427970050
2261,0.253715494308120,0.899962596626339,1.11782288687121,1.45164845853693
2265,0.474284360941012,0.984065164725102
2284,0.239293958951844,0.717737901351591,1.34379265979277,1.43326233270306
2285,0.162889367579595,0.578584052348926,1.14589123837814,1.24875153917705
2289,0.437440488937733,0.493445421564926,1.05116707726954,1.47634982230139
2297,0.421927922806853,0.945620746870784,1.39093173862820
2305,0.318032058265351,0.635204406907646,1.20156937661198
2317,0.133394021622381,0.389171367679598,0.646991705644234
2328,0.347599507729650,0.493577062848168,1.23458987560068,1.43191577850417
2337,0.0459735658571316,0.521749149951929,0.877639654250947
2341,0.187886986277105,0.612964389311128,1.05567915970160,1.32562877937934
2344,0.300986683188576,0.673127133885783,1.38585030616976
2357,0.312142472164667,1.04323693745983,1.21340487301006
2365,0.669534469264428,1.13106608285966,1.37361845335507
2369,0.353059068810103,0.561293494248388,0.963833177412339
2380,0.167158089307839,0.525055505040401,0.968254733788261
2389,0.514947584751211,0.959883488855270,1.24935102811863
2393,0.543591430158621,0.672672255873894,1.18660445054781,1.33599541885306
2396,0.162256702343267,0.479946287592158,0.973424437333927
2408,0.206938040916341,0.645988326919142,0.988776597060078
2409,0.0536300377848649,0.488715142494390,0.774333380050016
2417,0.415409693627351,0.748522422199412,0.981745105029985
2428,0.514599529573152,0.722868329115964,1.37498048663395
2440,0.314937623810207,0.746037108036279,1.08188036513150
2441,0.279253706992961,0.661079329459757,1.02517258438150,1.24427443572289
2445,0.112990753620851,0.744376245860185,1.16206081839302,1.31678665029655
2453,0.491723161145333,0.921297099114361,1.29894739699284
2456,0.437249247726866,0.701016478348292,1.21720249873636
2460,0.121090951686525,0.398069501432122,0.861601770891467
2461,0.364706231999348,0.567169488789623,1.29382664745368
2469,0.328819740498279,0.687798736601411,1.09391099911261,1.43508323098848
2473,0.0211174959133497,0.449717790114037,0.812413498553935
2492,0.211208569053253,0.467103590958073,0.595592510553077
2497,0.0394542531859350,0.651813507729948,0.946613757153595
2505,0.0802190847493326,0.270131451755798,0.794325110600199
2508,0.0406076292169393,0.618939246925182,1.17635427861104,1.43304717365414
2513,0.507751513879948,0.949349571746687,1.16147302286265
2521,0.259433132892186,0.521216141731455,1.04417384170651,1.42100619438810
2536,0.0402346477711192,0.567473006625180,1.05130656764613,1.41431997051439
2545,0.122991475323747,0.377807563007266,0.738036621064899
2549,0.530135264042174,0.808827465341320,1.06452937181428,1.49122919158481
2552,0.353309896585481,0.940813467779706,1.37115901283107
2557,0.264583738556593,0.704548791418607,1.09937650870275
2573,0.287839239824205,0.676957526524897,1.11775027534064
2577,0.199064822996321,0.411427160244724,0.995756731709252
2584,0.387461518090010,0.931436873615441
2588,0.161476070182963,0.809451121477574,1.05547024563719
2604,0.312158445321661,0.739807593900248,1.36249213500681
2609,0.0557629343392857,0.438397010262746,0.984748975260760
2616,0.140861875029999,0.530453653561710,0.975190167877722
2617,0.397153753899187,0.682905533993892,1.19355663111450,1.40718806859000
2629,0.379559588158481,0.856780266550479
2636,0.234320683957967,0.616027044389262,1.14541794245500,1.35472532580102
2648,0.555452648255542,0.865091466583693,1.17505876323113
2649,0.113265568668072,0.602382292591555,0.877549316275637
2653,0.0847195610169071,0.668501525459748,1.01277646113911,1.30556444696496
2661,0.00454469601845264,0.421484926387560,0.737985064574426
2668,0.459795209773590,1.00061178282246,1.17085241340092
2669,0.136514423714654,0.500109914789526,0.763363082760463
2677,0.0298464959291243,0.540095951394225,0.981027366313339
2681,0.249669752023755,0.623332957232524,0.984252752809374
2701,0.0955414923036670,0.335080933071966,0.931824429484683
2705,0.279663290787487,0.886225301312405,1.14634321585249,1.37677374271059
2713,0.251450132991758,0.673105626291067,1.20375416876948
2716,0.169232500765133,0.610976798276816,0.936036232680030
2721,0.480137349197638,0.780927950944558,1.17762485601592
2729,0.480340607352504,0.737417444709638,1.15454234241629,1.41943541150487
2733,0.0410270464799853,0.307804456754240,1.08083352010216,1.37548293694146
2753,0.268390185912311,0.508121478290797,0.947666194864895
2757,0.101649657345864,0.566455026455088,1.15641326421818,1.45547965417520
2760,0.0336136843531681,0.293151684680336,0.688902471999289
2765,0.509836278084733,0.880044100318348,1.16232740378458
2773,0.374473041467683,0.621930168008137,1.10188080613433
2785,0.181323759346192,0.389178425076222,0.766068728123338
2792,0.137901157405486,0.676878293147167,0.851901778804623
2796,0.290229865588511,0.658243013159600,1.11686492237062,1.31779999052860
2805,0.192029306760881,0.417885835597968,0.920578842400908
2812,0.181622075024951,0.691478520678882,1.08049095841478
2824,0.146722307927991,0.422331890674556,0.970870029821159
2833,0.243915959808740,0.529107243668236,0.877835622448186
2837,0.146090828759810,0.529720534959549,1.09005709819168,1.39383465382932
2856,0.510226563663063,0.773482896496865,1.07688363822476
2857,0.348293709654871,0.887100231860613,1.34540229944030
2861,0.416941181373445,0.679240117467866,1.09413247736373,1.48458897640865
2869,0.289960457629882,0.590153877860430,1.27691710461592
2872,0.437868386883516,1.16245612590650
2876,0.338677562132647,0.587223497314284,0.925310763414199
2877,0.328660981811699,0.981912282511352,1.05660614697586
2885,0.342559986327730,0.794857214554792,1.02435653923289
2908,0.143341133380005,0.714036196056081,1.21259305375138
2909,0.235826792788932,0.555956820846349,1.09425463621792,1.35532212568133
2913,0.174374857899708,0.612516473675678,1.13601311289724,1.34259659100199
2921,0.257921254828100,0.434676447490138,0.777951051299174
2924,0.285125263287494,0.892789920733150,1.11222309081158,1.34498206894323
2929,0.0932146445908052,0.328846862744311,0.634990844547330
2937,0.302765027983458,0.584718467478758,1.01038464765194,1.42505938185666
2941,0.481577263295879,0.885137685871211,1.17055893771690
2965,0.107201600240312,0.376070792797262,1.04202320672288
2968,0.283019739795280,0.572390774598489,1.05173427282792
2973,0.355134316761837,0.658806122999157,1.31885288110415
2981,0.0180372449100390,0.442636862923446,0.875136558084684
2993,0.219662031553292,0.561849951251869,1.09919277983965,1.28897501218484
3004,0.132312410063874,0.616050280010727,1.03922657983669,1.37127965604799
3013,0.327306419080545,0.984252557062519,1.17424485568300
3017,0.325290178507616,0.811603314869276,1.05372077679815,1.45595570309522
3020,0.480251060094031,0.777070476579062,1.27575118905704
3032,0.511592400064536,1.06763220525475,1.45073448236240
3041,0.380936471079717,0.754475303052020,1.20565473070518,1.38753116646040
3045,0.107513512229135,0.537814513338277,0.802593788921730
3052,0.494590951414096,0.787453838281305,1.30221423964233
3064,0.336178302045489,0.640458168266358,1.23378242294762
3065,0.0773604571496463,0.592391829020072,0.988502706344542
3077,0.0353670875025836,0.522168085763224,0.728734590337743
3080,0.456536604940577,0.592740542859871,1.13307464976282
3084,0.252278613216364,0.389224847392521,0.798586630496543
3085,0.295936014155450,0.606190006593793,1.16766311465285
3093,0.186189331313874,0.570990974396028,1.05137852779601
3097,0.448355156285158,0.772509793424202,1.28031976797001
3116,0.0884232957016770,0.404822546327906,0.806913320089068
3117,0.107286742491174,0.464468898605000,0.835524174110657
3121,0.271359054724512,0.592572484451867,0.735564878854901
3129,0.0216234915574789,0.619394713186273,0.730614525467541
3137,0.0242394233559340,0.458992011096866,0.783957866582913
3145,0.111368482644144,0.548808951310795,1.00834524207321,1.41001722536549
3149,0.180354846788218,0.648990246502890,1.06921229852496,1.33665362668180
3160,0.0995166062908130,0.430105439538708,1.00788689498905
3169,0.187363716876984,0.445591013742354,0.753086387205687
3173,0.250209952056887,0.695237529193358,1.20522881813777,1.38590548507226
3176,0.163453902777655,0.495816153055922,0.827051842069272
3181,0.302672174855014,0.769612303623594,1.25811425973986,1.40037965523050
3189,0.311727791170000,0.877517345960916,1.10644636592719
3197,0.256713203977867,0.533862664822597,1.34477224411958
3201,0.141025676543689,0.584019714587446,0.841711336526078
3208,0.429826791502196,0.734284126657193,1.34046542614749
3212,0.263748905904368,0.715803009960694,1.26966313674408,1.44632994518958
3221,0.262744311536467,0.675099038507659,0.909284890318449
3228,0.467596922044609,0.693790906908212,1.22585301556255
3233,0.0323693903750925,0.600612618724473,0.821756589936088
3241,0.207337090961755,0.662981919023452
3253,0.383014556150770,0.818571519080298,1.36349187466880
3260,0.0816837569406785,0.541612762975777,1.10634164327048,1.36401588581608
3272,0.0610935072528507,0.266392863310170,0.939059636045776
3273,0.400786922126241,1.03857862241046,1.35430508430416
3277,0.0479407541756842,0.444033598180164,1.07419929017657,1.48413600417308
3288,0.0433524185874538,0.650304184160010,1.02403610321445
3292,0.382422760410906,0.752917823822754,1.23907473200547
3293,0.108967423528944,0.287056841471162,0.859355335451131
3301,0.215846769007828,0.519158526422827,0.915094850133289
3305,0.214114084972249,0.651733003295757,0.980414469210947
3324,0.502413839675324,0.731880546380745,1.13574015562824
3329,0.291190366260724,0.842338724961802,1.03496929502338,1.42426896582960
3337,0.331210992524385,0.764326225403664,0.967814796108007
3340,0.102553940639967,0.623707428296442,0.960014044426982
3345,0.288634533053068,0.792878114636714,1.20547209383704
3353,0.331971255358175,0.690601266098259,1.09102068309606,1.44772698659876
3368,0.176052059228439,0.784174321371964,1.18378164712832
3377,0.173934069554501,0.606388996588746,0.953441477566115
3389,0.0177026803387211,0.567584608722793,0.761122097011301
3397,0.206976614605554,0.784038651730079,1.07229781371379,1.44512022101837
3405,0.325138675460118,0.498862808845461,1.03841932350631,1.40539076538643
3409,0.132819591988895,0.430604496487645,0.800479493072245
3416,0.390213682252738,0.567579203651972,0.980101933479960
3433,0.105341142749498,0.619557249706323,0.859695277252567
3436,0.122962950613770,0.812269689436279,1.07818657173180,1.49454710532425
3441,0.547529509850742,0.689533690701971,1.17832540653575,1.36545397136425
3448,0.373039343829871,0.703413373497141,1.42973163427210
3449,0.0698353699743622,0.532835139254529,0.813923823361136
3457,0.0974812423886783,0.524924920744077,0.988782674198672
3461,0.218654595501234,0.586176903867400,0.911622444280901
3480,0.445493270389392,0.591753329959677,1.23681371021695
3485,0.463046247327574,0.713184904347039,1.01486098907770,1.42407756392858
3493,0.0433885095465843,0.616984380577501,1.21271516175081
3496,0.159566399531288,0.479956457687602,1.00423739884973,1.33196181610056
3513,0.461043774521911,0.906804476130294,1.37404386526180
3532,0.193645910757801,0.558909842868824,1.22752992298735
3533,0.167254306493861,0.504088733263073,1.00125923062501,1.34386525861020
3545,0.510522101502419,0.974435170436453,1.14609011324729,1.41757851141243
3548,0.257511571176695,0.831343992311943,1.09839230742367,1.27701536817992
3553,0.297056087128643,0.731709610796588,1.06163364056142,1.49885467655495
3561,0.121741156701680,0.807165791953880,1.00557900631345,1.34461199321382
3565,0.548850971443406,0.633699215752955,1.24723521630957
3576,0.132981057438101,0.607143958378039,1.04575366588010,1.47328932116962
3585,0.592642687042266,0.866482446401415
3589,0.261363257099763,0.513649204507212,0.980791315771452
3592,0.221242967183884,0.533234547988308,1.24706643685305,1.45138438745397
3597,0.363948605013785,0.814460355419647,0.987106235943716
3605,0.506151145635068,0.896774062414254,1.25356282350022
3613,0.0585993148406296,0.469958863542774,0.962774859192367
3617,0.117772035706873,0.723472941465563,0.863676716330888
3624,0.273878478528118,0.459696744664742,0.827481075921291
3628,0.199036517563152,0.341886336356494,0.962536015134051
3637,0.474305253005274,0.770785994567329,1.25401853235658
3641,0.426651494332329,0.632080919262424,1.21546219195538,1.41086512874950
3644,0.0567157886998835,0.462794396071494,0.887090808826676
3649,0.201080851848785,0.632294603704182
3656,0.237840835318889,0.631675258454915,1.01697361383735,1.29156182065414
3657,0.0194218521405781,0.267747537502368,0.668340690702238
3665,0.345296355667452,0.577435073089812,1.12453848660954,1.40854226710334
3669,0.217788223575924,0.492296950161395,0.796592067604363
3676,0.437150770111033,0.751164610281433,1.45665206947756
3688,0.0989546696504388,0.826282926027006,1.11658969032200,1.38508012493558
3689,0.327329843452737,0.723832392725624,0.854672338465754
3693,0.209030366147683,0.624475553316718,1.04418141863891,1.36191155143521
3701,0.0997570685551627,0.468746098992728,0.949124462780426
3704,0.533969497776851,0.775479522959044,0.898287776095084
3709,0.0463309060807395,0.194095715212674,0.750741297317150,0.995750756927382
3740,0.346757950588172,1.01858799760227,1.12878821625244
3741,0.0902200930745795,0.468117491288711,0.933467888403295
3745,0.0844925896509178,0.667000347318681,0.821101385989703
3756,0.138068469682939,0.674410256768614,1.07414284676575,1.40536634268322
3761,0.668643860820855,0.850385954766565,1.11435883603681,1.47468886390782
3769,0.569864838456168,0.943447148722479
3784,0.213993943751874,0.633390349956835,0.915464670762586
3793,0.360092412765290,0.760571164389993,1.31055922947531
3797,0.286156967701084,0.674588340202859,0.941135921328652
3805,0.325593798244508,0.393313187757852,1.23401012139503
3813,0.456921324622450,0.637550358956746,1.12803646103606
3821,0.316406861977168,0.903446139717726,1.08436364963573,1.27020902482656
3832,0.267590856828917,0.934933112819974,1.22419104728315
3836,0.192526015439420,0.231618015040099,0.630984626922304
3845,0.121678578687013,0.585815868553005,0.986766071647489
3849,0.379239448663792,0.559776280398632,1.07037904604581,1.27411929859378
3857,0.0133756390880543,0.575912749705987,0.782307991172946
3864,0.214998620295048,0.489839096589555,0.857560395170726
3865,0.305764641391998,0.643097935968403,1.00061761396902
3873,0.0744163171212853,0.790934163008892,0.975944797092075
3877,0.246845645449793,0.866108732004662,1.35023138511737
3884,0.333393609166829,0.578684224126572,0.904297436767721
3896,0.110229387618487,0.435546131608679,0.867120936667175
3901,0.166729736733188,0.550279190629983,0.982634196892479
3909,0.0639446684139482,0.289820463643560,0.770265732078302
3912,0.194533194205592,0.711469075318291,0.914917643170460
3916,0.103403353234178,0.443000285473577,0.712930558511105
3917,0.0826428657877652,0.324723770750165,0.786495107227066
3929,0.203875972423070,0.745971382899156,0.849054709327608
3948,0.277668776443539,0.804219177739011,1.14954845497342
3949,0.156534715563996,0.349832370359898,0.789175418264989
3953,0.348339832971312,0.554169154889392,1.19499973087304
3961,0.248590393582152,0.639133562089378
3964,0.142552976591005,0.602378965344519,0.944280308004329
3977,0.100743183039758,0.781400468694299,1.08816274145180
3981,0.202097000258203,0.531345928911437,0.838166283937853
3992,0.374439570698762,0.653259687546950,1.11554713230272,1.30305288076448
4001,0.159641048276210,0.589546205989838,1.05210265214454,1.25477290799638
4008,0.405036659470581,0.705369638303138,1.16190022446986
4013,0.438489209707302,0.690987929670168,1.42165326834034
4021,0.373480901538266,0.715873163893617,1.09454268881352,1.44884740491211
4029,0.308744400340137,0.681700127692106,0.952850863121852
4033,0.362778445895114,0.874193730846401
4040,0.180467291010109,0.519825050625173,1.04621681048885,1.31477795367016
4044,0.268895131812528,0.606053048745132,1.11786903359672,1.43654898546102
4053,0.388699352782596,0.899012397005093,1.24731508767211
4057,0.181269752903172,0.392122782764252,0.909826474610884
4060,0.332895150028898,0.593298224665466,1.08856689125478,1.40886979140199
4065,0.408503944508793,0.711367168818975,1.24387995841676,1.42364072295382
4072,0.342872435059801,0.773316163452188,1.24896794482356
4073,0.117775204731861,0.423910445887916,0.736053164726070
4081,0.344659668218833,0.507816320583243,1.03256345598708,1.25146340772780
4085,0.0752100160183705,0.484866463107431,1.03853071586513,1.34926557926716
4092,0.0382681346104639,0.237261618618238,1.00420294276168,1.23408867975542
4105,0.393274655482708,0.717657584014884,1.42350111052930
4109,0.367978789497073,0.578918318421161,1.09044306493595
4117,0.314614979384344,0.608612957090432,1.15304833587397,1.42161423764585
4120,0.271922038666712,0.417380221300530,0.795456615115176
4124,0.148150344599688,0.606253037362514,0.962570375026484
4133,0.337724060010395,0.704176637051019,1.08958193653354,1.42754816662983
4137,0.194290320458649,0.379824746453634,0.943576720641656
4156,0.334441554130731,0.832683207021611,1.01206335283075,1.39821802938807
4157,0.0519540512426060,0.650455295674521,0.858135646255401
4161,0.224559015826613,0.629370611294037,1.07405676088760,1.35145626680748
4169,0.229041607949224,0.439284281659269,0.911277469601458
4172,0.289426096858078,0.642989566442771,1.01999344104421
4177,0.132645958984366,0.754148470467255,0.964478795964093
4189,0.543557844187149,0.729604655727360,1.16266223560300
4209,0.204718651913814,0.576276096964795,0.921705326324692
4213,0.00489843281072939,0.661272281370791,0.818121218143215
4216,0.240094841805611,0.648916386268371,1.12358419513120
4229,0.0250757825806273,0.398156081434171,0.871079540173745
4237,0.0507192411988883,0.574254305259908,0.857946263929503
4241,0.218002663726126,0.578623304300547,0.971233344000561
4252,0.103279204253519,0.470536458370943,0.977887438402520
4261,0.0996077840703728,0.335466664699184,0.769993509574943
4265,0.312316669948173,0.707727014988587,1.14173431814393,1.40991974609118
4268,0.424600733556971,0.823529761075630,1.14924920015299
4273,0.0578543261583185,0.214059002126113,0.508089712837428
4280,0.180006566513999,0.555298507014943,0.917923797967025
4281,0.0915740820776510,0.418840673391861,0.714205105283447
4289,0.0644397551315798,0.410414818508275,0.617799743289923
4313,0.221294952260008,0.608594111034667,0.832924914848957
4317,0.227002751299143,0.540168681511457,1.10448445185791,1.35185179583384
4328,0.344559374617718,0.744631755889764,1.08716109910320,1.27693397926427
4333,0.419111160927198,0.557799697637074,1.03368562722060
4341,0.120992648840709,0.673154255675091,0.973269875756485
4345,0.341135536499487,0.944175572222468,1.16052767378330
4364,0.280419851927342,0.344242714760849,0.723396159431231
4369,0.173611148161801,0.598571915879258,0.893504586405349
4377,0.317029994358057,0.802344180372456,1.11870996125308,1.49200496371872
4380,0.103254853975040,0.619223400692232,1.10466507999379,1.32159083759602
4385,0.391685870587488,0.951348751540152,1.20254731043948,1.43635024174775
4393,0.0590042455640631,0.580299756953199,0.885617655953705
4397,0.226490900875709,0.465566058248414,0.966691593731812
4408,0.140884218778244,0.293349142897771,1.00644522182465,1.41787899078097
4417,0.136795343610065,0.352584383155091,0.653822112354387
4421,0.299173640744901,0.761610650992542,1.11347699914400,1.40849873980170
4424,0.0599945678824878,0.416585572158409,0.943257406641972
4429,0.315513786393655,0.771346685796494,1.06907870403284,1.28802557126176
4445,0.364155794208910,0.578883769771742,1.16744391340448,1.30429456256687
4449,0.639972673028708,0.769299407636377
4456,0.501447269230694,0.943937157384584,1.06192135642271
4460,0.227604063957069,0.622147097370069,1.07990032913054,1.46548961682244
4469,0.150782356017215,0.544804189469018,1.06311864449038,1.24407883467974
4476,0.421079646923502,0.798923852822945,1.02641217363777,1.48294369110643
4481,0.119082796615939,0.506129970616877,0.721419597750985
4488,0.0424248385526080,0.519052067804318,0.796459570284123
4497,0.238012700249011,0.602038825362502,0.905096304433448
4501,0.173557984477860,0.254096833410236,0.766042841812094
4520,0.352274171322728,0.860670414154145,1.25264046568256
4521,0.326265684418660,0.483454137007711,0.853768700806831
4533,0.252510451404246,0.666862600759856,1.21847805874131,1.47090957594117
4540,0.420155139651853,0.769893753730717,1.30346024423192
4541,0.512467338355087,0.845655261751601,1.23479951086378,1.47735185488734
4549,0.0968712160246004,0.456828820352294,0.929543392563568
4553,0.242405871145322,0.521554899453745,0.780589417438878
4573,0.338425591670785,0.729318543626172,1.40460419536559
4577,0.221601961132924,0.870696629677581,1.08490324750544,1.27719956078776
4585,0.440636320409390,0.536623393342667,1.06031315003755,1.38975038161747
4588,0.0380631485008338,0.391061706763116,1.05325669509221,1.45829077426169
4593,0.327152709291303,0.667279024186008,1.16396597271657,1.38302221311386
4601,0.493047132493130,0.672812457434891,0.905925717784774
4605,0.0849389059248993,0.416537218151328,0.830248409402171
4616,0.386263634619779,0.785014235726098,1.03603188640571,1.38453711562652
4629,0.450334482756033,0.570716512280094,0.971250289371087
4632,0.374217668250925,0.701744721863957,1.09697922848497
4637,0.451227912924470,0.753512406713588,1.33334603566783
4645,0.307325370324861,0.470552534303824,1.18750458685432
4657,0.392049965573641,0.786671848035413,1.22527882911597
4664,0.120200254539186,0.642386449113518,0.911694988994716
4668,0.151488668273584,0.494731405975527,1.05267535121262,1.44985051635725
4677,0.583628666217236,0.800063556290052,1.21945851296064
4681,0.183493538711535,0.605201148482798,0.784521558127274
4684,0.375191894720362,0.504031464575134,1.18009343956514
4696,0.0316220196308379,0.526377680892012,0.772257793379507
4697,0.368245266325628,0.815809935441937,1.18216520297282
4705,0.263153478472696,0.443989059365911,0.977022990740237
4709,0.364213623408170,0.425252644350696,1.02998757256336,1.37969707491455,1.48356623428191
4728,0.334219482889914,0.588117721590394,1.23606836022807
4729,0.599426289632016,0.760847742864662,1.07064744371905
4733,0.269235545916280,0.712591022604870,0.999068636992534
4741,0.321217773062345,0.720032759867626,0.927031785194597
4744,0.150204680025389,0.700972416278430,0.787796662598109
4748,0.0313962514944105,0.573748496201979,0.955605058928738
4749,0.0208279665083341,0.419507504895783,0.664087797505187
4757,0.0598639831637417,0.826287049716789,1.08687562513688,1.37861873925490
4780,0.276466047311906,0.620905912394055,1.08603972338204,1.48203404669966
4781,0.215376583369709,0.540840547057513,0.960297185126906
4785,0.162468704698160,0.665717048399487,0.975371224257132
4793,0.0304547565285096,0.344031745828659,0.850149469721679
4796,0.417702001670723,0.707070309629234,0.924655140680284
4801,0.0153112105148437,0.358193694168641,0.550403391947862
4809,0.173168831051394,0.838040273601217,0.956849141974829
4813,0.242557162606977,0.864025824678457,1.25706448474889
4837,0.551482295098982,0.946543211234954,1.39919733039913
4845,0.325216615848263,0.731557683718965,1.13963938133604
4853,0.431434751649237,0.847685642594275,1.11918505840601
4861,0.283260313384755,0.405691044625466,0.955127310116655
4865,0.253249765786392,0.448465512294489,0.880201306671677
4872,0.526039371117483,0.905974895018370,1.12144665091046
4876,0.204288598194066,0.419592552071099,0.944629437452601
4885,0.0551741516484434,0.398659761826103,0.812838132745254
4889,0.0490933677918723,0.323059269411372,0.732952736406713,0.933435196019791
4892,0.406844446280005,0.843819655315727,1.22124308536125
4897,0.129422097410974,0.607385897801710,1.10783206258894
4904,0.117585062397193,0.580137316933018,0.961850798716025
4917,0.557597490391829,0.870951641011347,1.21532725689586
4924,0.0785510342715629,0.436925085135754,0.850675758112008
4936,0.380131604070147,0.518530486544915,1.10777640966006
4937,0.0366500298090703,0.465814379800202,1.10368175566118,1.25905137552799
4952,0.211526310349821,0.607507279726823,1.11700594583201,1.48944413880686
4956,0.142466702835032,0.488121994853042,0.781850006749818
4957,0.198693428346423,0.651700835965298,1.06063998219921,1.43041090185178
4965,0.101985851301108,0.688120241584683,0.981528138026043
4969,0.0939573625583558,0.354680564554282,0.803472511894829
4988,0.485344749570866,0.777021493327258,1.19384900237681
4989,0.162587495524719,0.342975171183868,0.873829899373865
4993,0.0762934749754286,0.383142974309974,0.987434910121142
5001,0.347569805873434,0.680584045212466,1.16340037461763,1.43949681285522
5009,0.322518961066616,0.513578152316281,0.587491387990653
5017,0.121992043572560,0.561326716546379,0.826216739477999
5021,0.0710175603454594,0.764816400731785,0.841029850888411
5032,0.117108141401502,0.479205451194060,0.939217545021798
5045,0.196976349641039,0.776698788708998,0.915520608141255
5048,0.0464038089567555,0.264163532152494,0.899739205391237
5053,0.334750130270301,0.613874097136346,1.05068829102414,1.47207370672269
5061,0.366941886237499,0.782671539559116,1.07023238091520,1.34834931079277
5069,0.465709342057107,0.678190694865475,0.989800821668796
5073,0.0139298193991668,0.447367511347560,1.03406091485610,1.16401565747752,1.35677275538196
5080,0.0402293393457645,0.235249665036947,0.784273888145554
5084,0.195297488546800,0.743677397552131
5093,0.0725076621123465,0.548241105971387,0.889604485817938
5097,0.107019698945412,0.540817045736572,0.974867433309607
5105,0.104183604012720,0.268283963533827,0.894769458467562
5113,0.249074345049645,0.678452660944566,1.10501165039949,1.45440213053808
5132,0.171575829100277,0.544913491488270,1.00632056478327,1.19721054380137
5144,0.116624423193187,0.447150918750782,0.883559672921296
5149,0.127748041489408,0.579304188260226,0.902476709649053
5160,0.342636075048056,0.494481007339778,0.920377460879502
5164,0.0847610190220298,0.454446716049910,0.723343751629634
5165,0.0178197512602263,0.372445112986601,0.788516919001061
5173,0.550884765081167,0.876480035963854,1.28448032703428
5177,0.0845896055790740,0.661865640296798,0.896712296450097
5196,0.332169976340893,0.690287594795722,1.24249358625921,1.42321764408233
5197,0.289496365735855,0.774315540201660,1.23438839058879
5201,0.153470305133156,0.350318738644300,0.679053503948958,0.999961457308614
5209,0.0355960407048627,0.301820308229906,0.561850309481471
5212,0.0138539962299313,0.460211713040370,0.784092010180491
5217,0.307354989931018,0.620031931338808,1.18516532433032
5240,0.199301764225460,0.758418543610893,1.08118970687648,1.43922522334641
5249,0.196438517332563,0.641429039196383,0.814530899701550
5253,0.0924753713811593,0.537795471286619,1.06577438277166,1.35227914823330
5261,0.0566346144438446,0.401962561622851,0.859002734225514
5269,0.306356854200998,0.550633656654807,1.08781091925807
5277,0.183474330352821,0.514062893170086,0.982020020601507
5281,0.222839142429318,0.412471422309691,0.684984222706127
5288,0.571500721861933,1.08489252035197,1.18048730281006
5305,0.0870834936759356,0.408163975454067,0.932620500036119
5308,0.246148542820301,0.486968412808394,1.27906692600220,1.36234549999715
5313,0.476230822377758,0.592862867319802,1.06257710223862
5320,0.0848890017151009,0.308300410113637,0.626007074851384
5321,0.0698413254222673,0.452869455584579,0.908800592334242
5333,0.0819157453795678,0.623440150782367,0.845857730959818
5340,0.446870362737400,0.932568978314700,1.30066808230346,1.47258809434718
5352,0.282094217423227,0.774593597722382,1.11115497193123,1.36693281188750
5353,0.0564957821853916,0.327442335353883,0.759667079751798
5357,0.186752006525848,0.699201078747193,1.05746927678078
5365,0.201303185025265,0.669429219333897,1.01053282082959,1.46933094773596
5368,0.216729848544397,0.389698925865891,1.02080274069397,1.25117888482763
5372,0.262413290043643,0.499393877278320,0.840428158504932
5381,0.243609833027718,0.808702947409540,1.04572037277311,1.47349117260200
5385,0.164221486241225,0.421002880099222,0.893307974714237
5404,0.308735469003679,0.723944346895558,0.951989777302810
5405,0.188918577954507,0.526351098268120,1.00071627336532,1.21714790976789
5417,0.0320373417122398,0.490935901544951,0.737130960629809
5420,0.167778004100165,0.601328155941633,1.18470508696537,1.31521691865611
5433,0.175173716977611,0.706109232984769,0.785109797152431
5437,0.0402867970059819,0.305476299116400,0.829410742824765
5448,0.152210115784542,0.621275961900677,0.967952503688994
5457,0.0557297402324466,0.455173401811086,0.793161102632379
5461,0.579002510931948,0.898472388324953,1.47838118962072
5464,0.414434383714016,0.635369505354346,1.01211518092528,1.34535532520621
5469,0.0738602463498625,0.403784000984053,0.683899018428304
5477,0.0422631403418355,0.428355194678727,0.710122861019999
5485,0.0447592821575641,0.535063101843978,0.894990739408224
5489,0.0666953017294165,0.703707262800707,0.876831264331323
5496,0.166956414416988,0.323411831300315,0.815321057668752
5509,0.553071959448079,0.801464751703541,1.18776243387602,1.36672074062371
5513,0.0238892796372232,0.455927056182491,0.526785325271231,0.904942459774882
5516,0.464782040533878,0.904287741926103,1.18824778209840,1.38768740422661
5521,0.0150230370782650,0.347159398349736,0.558202495912291
5528,0.309627342093948,0.396192904713948,0.881704851433283
5529,0.468057506696576,0.798950665411707,1.00520644822866,1.36938274793944
5541,0.609938356971505,0.982246591701247,1.11827622591611,1.43791593055287
5548,0.365560860761975,0.660862706180969,1.26381130359187
5560,0.194092661112916,0.598508203397514,1.05650731321241
5561,0.301498159707216,0.655373117592366,0.959864098888577
5565,0.237738200667951,0.506348405522465,1.04799695183473,1.28075267444822
5573,0.333344196097965,0.862350071517772,1.15238437117984
5576,0.321865467743114,0.704382766086346,1.08869978778476,1.32925394210019
5581,0.166478428634418,0.750226144885230,0.968582241989324
5593,0.377245105597724,0.682072894219032
5612,0.349116632451116,0.952230875041264,1.23695636624855,1.33030759307952
5613,0.0172946741047686,0.504723981184994,0.766899617361431
5617,0.101744013202404,0.430375932171981,0.992691500756999
5628,0.115742523310196,0.587812489452925,1.04471693459759,1.22746077294872
5633,0.116901807919982,0.259804491029300,0.773172948580592
5641,0.272712878104048,0.386725617319736,0.881809397859442
5645,0.0368598954062895,0.707360651214944,1.00693803135506,1.18708703941282
5656,0.0660608890961076,0.424075899064363,0.959274260140891
5665,0.435314614222910,0.876673646523128,1.15507215464013,1.38995478529328
5669,0.459426902575889,0.492580059516977,1.10408912166776
5672,0.489792265606855,0.887793410609309,1.00439052716201
5677,0.149341593143094,0.699189045505810,1.03477221294692
5685,0.397753221061844,0.654771589702056,1.02300954639848
5693,0.363734815457133,0.605487303315152,1.02897246843184,1.48635049003727
5704,0.0303389188024931,0.232533074302911,0.879592834322163
5708,0.265196497502445,0.756325659389906,1.08151329510078,1.33833404304392
5717,0.288340269536186,0.384642075693181,0.779054686279062
5721,0.262648605254863,0.603369117144854,1.04013844882716,1.25048373160104
5729,0.125248218173456,0.512559913319819,0.739860307462170
5736,0.0422942468373265,0.464931611845665,0.866422723091614
5737,0.105238551354433,0.713051636883019,1.11918228933144,1.35187601998946
5745,0.250495618851312,0.558871135166900,1.06348485005490,1.21117118224452
5749,0.373603656489492,0.714153453557224,1.23992796232983
5756,0.331059890146085,0.623956323951512,0.806514510876683
5768,0.517166097692017,0.696050992218724,1.10833686346867
5773,0.0443721894460202,0.415251192586901,0.880408722373282
5781,0.306207790207991,0.876187368911726
5784,0.218334236910387,0.587705896850154,1.13738156187798,1.35570207056703
5788,0.510736151651432,0.770316575352850,1.12925174817235
5789,0.272942214866954,0.408835650966856,0.812770719168375,0.996900704090680
5797,0.196790355580562,0.493688944382709,0.838948847745170
5801,0.191234999699693,0.520135874842668,0.956706906970647
5820,0.234677509756000,0.760253605321828,1.04261483859919,1.47469541020618
5821,0.141795646264298,0.297581149115775,0.794457962482301
5833,0.147947144208718,0.679118100887576,1.16159071651394,1.34969949688261
5836,0.0109806922162805,0.638701258869856,0.855180668776057
5849,0.314732233896782,0.607650683087451,1.17037430759571,1.38435588368015
5853,0.416442784869844,0.823896541786414,1.34731190230214
5864,0.347097952115927,0.567810258275961,1.12485301421149
5873,0.177086251963577,0.571090757379143,0.915896942470426
5885,0.471895292311124,0.833879391103157,1.04951122438765
5893,0.200940033223405,0.657475272839067,1.03026878880908,1.44505036621746
5901,0.329164000370842,0.621140527176288,0.792620594244145
5905,0.173204983370854,0.316304229319363,0.647826507454176
5912,0.155475563922506,0.538566935791552,0.810316820430509
5916,0.100820881221627,0.669558726391344,0.967082351360224
5932,0.237176262159661,0.509789872240446,1.20333833174670,1.49047778983972
5937,0.266905362568091,0.732799955387191,1.10633334402400
5944,0.366000222129167,0.688690484213004,1.24514255918017
5945,0.0836207343475624,0.340607433455509,0.890758562276943,0.997258653664205
5953,0.138026214619953,0.408764896483491,0.961054712643563
5957,0.189013801331874,0.630493475542781,0.786517240060292
5964,0.128682668535528,0.495701749254957,0.792695770811732
5977,0.0350907164475863,0.174564987107918,0.782246732218962
5981,0.0880342804416656,0.396600041699904,0.514551084858956,0.976363205345738
5989,0.248490412883689,0.656845457877985,0.983275427267287
5992,0.539296352442054,0.823494948027749,1.40824952311156
5996,0.277328105563039,0.429838984658660,0.931692855406078
5997,0.201559452929565,0.917386067820381,1.11614170885215,1.34840454069723
6005,0.319468815512738,0.758722985004063,1.06934862468892,1.20985031665971
6009,0.152887641697048,0.460040071560028,0.926069126513603
6028,0.132417160704452,0.749284222499149,0.918287336135225
6029,0.236969290412161,0.434862727648357,0.871057462857482
6033,0.152085310347423,0.564657203436331,0.970587930158742
6041,0.204061099991152,0.449610998650584,0.730175576751254
6044,0.402000330258476,0.706302029763428,0.967846081833116
6049,0.237945464322630,0.661929258414966,1.07662320085598,1.27407469118245
6061,0.518461205183357,0.741434512555019,1.11532698511471
6072,0.152870550388287,0.605822394486291,0.864452523706373
6081,0.0914857712704673,0.499810842034895,0.858535484806594
6085,0.573430853939636,0.870292541341215,1.38708562518863
6088,0.219900606002191,0.570563777591491,0.982212498822915
6101,0.0845389667005318,0.507741662341281,0.790949253369378
6109,0.178744906706568,0.454403655300313,1.05152221239755,1.24113797453311
6113,0.285945217922092,0.429451999547232,0.915168087897412
6124,0.159980075142096,0.501404425820039,0.894626061660596
6133,0.287035875533212,0.888173272125266,1.18837104172625,1.47740851846684
6140,0.357383736293900,0.824371813523066,1.17820617797005
6145,0.270053798200397,0.746554350509358,0.988991847157160
6152,0.0407425617498048,0.541552047263658,1.02315048310328,1.31439830088741
6153,0.350589213461826,0.735725736431748,1.05933818396547,1.39273279262402
6161,0.262452835165841,0.750768804449421,0.928613485481332
6172,0.409228792399670,0.705363683734283,1.22988722430764
6184,0.132775224319667,0.648321141579483,1.00647985981913
6185,0.206317375709377,0.550660896681848,0.878527434861113
6189,0.332951587006556,0.598555747045574,1.02823826974254,1.17609605596630
6197,0.284330861159301,0.987062768783268,1.14754626264419,1.43354361408870
6204,0.141180402658793,0.516390440256203,0.919922144631336
6205,0.189401316333288,0.628523882415977,1.05017757455851,1.46558890263021
6213,0.150850334174295,0.627579561725793,0.937664704940867
6217,0.467716553337710,0.580690118813449
6236,0.361319947215882,0.825733806054678,1.15626037370892,1.43145700887190
6249,0.0845229675681366,0.418391177652032,0.728706789310166,0.954905115985531
6252,0.589047049026223,0.958566972027991,1.42404086015070
6257,0.560428577381516,0.760363875282456,0.999103798865450
6265,0.155349684202303,0.632773916893894,0.865127208421521
6269,0.246722522831019,0.576021960280356,1.07043049278876,1.14047531049574,1.47059349033609
6280,0.662571924347052,0.846656479878305,1.20206352229669
6289,0.111484540253260,0.376744651755065,0.808833867111022
6293,0.226487604332254,0.582458985957703,1.15623532334497,1.27700752526708
6296,0.0780223791195364,0.375017104088539,0.787186054284137
6301,0.278130895263795,0.562267411632575,1.08045389056239,1.45579495096050
6317,0.134487990386811,0.733204354171841,1.03859529679012,1.40197915766043
6328,0.334053577713836,0.855212387797404,1.11525275216024
6332,0.161175447474773,0.660488857331288,0.995895376415757
6341,0.240086418859911,0.707313935922393,0.826323843697684
6353,0.347452312879944,0.901377663167883,1.01930500315239
6360,0.523132434809132,0.951133003512351,1.15084936052468,1.45871824830723
6361,0.121356833331322,0.201443897220873,0.726029627643687,0.968414008152195
6369,0.403232700317809,0.494850676094699,0.958327647510974
6373,0.484238439492559,0.662749027299463,1.19700002399141
6380,0.188372275948600,0.500547604888355,0.988039832451150
6392,0.563768361997757,0.756442968731883,1.06904221721977
6393,0.477386975756255,0.730747536688703
6397,0.254198814531165,0.496494749021530,0.758351331946294
6405,0.431680032475484,0.597028011781721,1.20509987061340,1.44990671551510
6412,0.264643001808505,0.759081754683368,1.23735864462372,1.43013459693905
6421,0.175609800918104,0.498216472144586,0.862738488811743
6445,0.346127731683754,0.725185353850864,1.27740160140585
6449,0.340512856212822,0.840430722845637,1.04555867256763,1.15404757089222,1.48768656857649
6457,0.302184277903978,0.419198107571765,1.06440743667809,1.46548303928153
6460,0.568231890263906,0.731098877043581,1.47940253643382
6465,0.125154171722591,0.347173969045207,0.592807890503891
6473,0.100461330889639,0.650483787989736,1.15382810310351,1.33781061333137
6477,0.440594039517269,0.723904435004806,1.35351831838644
6488,0.0217418324532273,0.225711428144303,0.508380750702920
6497,0.206901482682962,0.497129252014827,0.865382424039183
6501,0.245297247965690,0.682123829822114,0.988012015920618
6504,0.103719548534902,0.181906299171633,0.796829646366267,0.992533934995282
6509,0.0598676712715773,0.470352320988726,0.730517492666619
6529,0.122921324632868,0.305516132521120,0.781808734773890
6536,0.317755513501166,0.565150437093602,0.809380064484699
6540,0.151759201076327,0.546621331229511,0.947864161278951
6549,0.0254147366067346,0.507775127081043,0.827782708681637
6553,0.0911685587431934,0.511302649693556,0.829813067558182
6556,0.355996971931189,0.615852855215096,0.916235137081665
6568,0.0375803018930272,0.307573973066211,0.723080831125494
6569,0.0500870451986086,0.490502682514730,0.737682923821926
6577,0.103770350588433,0.505275980077916,0.934420047208611
6581,0.263960739685660,0.434687205188907,0.942580556343246
6601,0.110611033499761,0.345833438077239,0.763000993606098
6605,0.319721465088351,0.753906859405973,0.962096804354379
6613,0.313231908508744,0.555408403342321,1.04398261836464,1.42956049183337
6616,0.0726354120066863,0.576579525832017,0.884384031049147
6620,0.0323408233254572,0.597592928992787,0.901993274833211
6621,0.219644038884065,0.738473782491890,1.30770039286646,1.34899945078891
6629,0.222717585927947,0.690327778835537,1.03090916793223,1.40456423371561
6652,0.168566756648066,0.632225400992419,0.979888264827875
6653,0.232014832740264,0.544866427865910,0.835647336383123
6657,0.238051931638425,0.583826544723823,0.865162970415651
6665,0.146093423736776,0.354378499558732,0.782981077790505
6668,0.236605882894276,0.746473590271049,1.04493131973737,1.30883405695523
6673,0.200531143741052,0.706793541007402,0.923930378055665
6681,0.285982589546441,0.690413312236718,0.928191153210317
6685,0.263491764478178,0.777290193614630,1.25850934887098
6709,0.232633893236557,0.480482137797538,0.902130856274383
6712,0.194488467364319,0.421023241927765,1.19602419018276,1.41349173792731
6717,0.493600566952630,0.669283409899434,0.915345121615016
6733,0.446342247265487,0.935420376576517,1.30007525769741
6737,0.203881795193753,0.418498479639018,0.946961379087799
6744,0.0989739228877301,0.416179792603073,0.898626153651601
6748,0.190330500658655,0.454150495786951,0.816938655435712
6757,0.149522331724684,0.299394626188232,0.602548945356822
6761,0.384533009015102,0.622699925258555,0.954921956644296
6764,0.0546830650089799,0.505276486224564,0.743898531269380
6769,0.179129224956140,0.611210267493293,0.987448412012165
6785,0.323998321670267,0.560989570619237,1.13271990251372,1.34419903994469
6789,0.176448257064282,0.498108026027952,0.797451638932522
6796,0.0706497753467828,0.354249999864054,0.852644097527154
6808,0.173602805684891,0.476618138524206,1.20167686163630,1.45905278905569
6809,0.178424353054875,0.567056471214777,1.04662221017043,1.24616426721906,1.34431639138525
6821,0.0965957458527588,0.447496506975629,0.771335085394994
6824,0.282347893474224,0.736445680949681,1.03209028493411,1.31095887740891
6828,0.331869620764968,0.855092706833766,1.28623400633676
6829,0.366259665391987,0.575872359755331,1.00384445450850,1.42728648990046
6837,0.0979909325191913,0.661069285548701,0.753630995272446
6841,0.0878744177164950,0.414681930534571,0.686066950818722
6861,0.0529110195574889,0.530374519781788,0.836175404168455
6865,0.113760915353585,0.411813094413033,0.913161637011126
6873,0.427487043098531,0.646465847889699,1.01531667712868,1.41821680847070
6881,0.147202998951808,0.509451483585724,0.845975851730955
6893,0.212680414059088,0.599991560328499,0.791776639465307
6904,0.239210597261717,0.528230961458196,0.708613737867358
6913,0.364278289033829,0.669695382508675,1.07837829222256
6917,0.0797241314363969,0.772678238462983,1.00437232559017,1.42540474774465
6920,0.500519133871708,0.690076344041629,1.19508731597463
6933,0.310678949200083,0.500229981572577,1.20706652424414,1.47484862286028
6941,0.0296880718741395,0.310515708075062,0.627891090502852,0.968141384525907
6945,0.179441568203035,0.370558033663237,0.897218608014771
6952,0.353927779691567,0.827087150514740,1.07418748038743
6956,0.391185964245351,0.631585856068733,1.11274930568711,1.25792337046621
6965,0.0831088227375949,0.619393651691317,0.808676943937431
6969,0.283972656950403,0.550673662883260,1.00600099495997,1.34377027236041
6972,0.0598819388136150,0.200075791080702,0.735810888332156
6977,0.0994299475000575,0.466371309995361,0.697767998097811
6985,0.374597512985517,0.542749293408733,1.05391109026664,1.42166322488485
6997,0.0455829168793989,0.213532320270981,0.723233281772831
7004,0.271879109445911,0.646800099275241,0.906389189419664
7016,0.0624970052681959,0.484346207236014,0.702137244378823
7017,0.556519360608693,0.744322968627493
7021,0.236486429611338,0.459628115207145,0.972493437985827
7032,0.233959003024186,0.408601437826449,0.948657817755841
7036,0.221949876387841,0.898036678432274,1.17519899446414,1.45606344500854
7037,0.531212594279869,0.736231346217204,1.13632767324799
7045,0.276303200858580,0.333302088497361,0.846428651535314
7049,0.385871111796979,0.595096982949125,0.647774027523158
7068,0.202764006217817,0.743057645352575,1.07672348772829
7069,0.0926616205917026,0.408391885165144,0.685446481608140
7073,0.284764279047045,0.582408727832894,0.957905785308086
7081,0.347869834912741,0.643806572146797,0.992610655726960
7084,0.156024199601713,0.403482003404267,0.873270345853898
7089,0.0779302971504235,0.338542747448682,0.743261768409669,0.998146890007449
7097,0.442040693617199,0.681054056782461,0.885411007183630
7112,0.169723641874079,0.595208032385236,0.953970072266089
7121,0.159610846409649,0.620128998393253,0.892928303215839
7133,0.0134810653939476,0.454826925573013,0.674344550689352
7141,0.166424318685104,0.755711366750173,1.02515746501135,1.43891644363360
7149,0.293221064320738,0.493509555024704,0.977487770790625
7153,0.0464406426538766,0.351547698377442,0.673247674454359
7160,0.139708339339348,0.622305759176299,0.694626705808826
7177,0.107184119459435,0.544930921365825,0.869688316143990
7180,0.192853422870639,0.561302335593206,0.996295354352399
7185,0.0443319906005465,0.285677516698136,0.741043647133768
7192,0.299493380030540,0.743952131102950,1.15243343095812
7193,0.0312292542995982,0.258650420078447,0.740569055649435
7201,0.179848375689583,0.555233036727053,0.846529912257178
7205,0.111453914991751,0.570729324418287,0.810432427886140
7212,0.0411874442116252,0.377018910688338,0.792329005398480
7224,0.386512584545007,0.790820252283611,1.11924634932193,1.21683897900156
7229,0.376926733537133,0.590752922213412,1.02197425680993
7237,0.119133944724202,0.407767173660902,1.14193547582391
7240,0.206543617505245,0.453152304265221,0.855155533737947
7244,0.100916657680516,0.565133180057244,0.923102483777147
7253,0.412960287071497,0.597161437739961,0.987325523548660
7257,0.0943903009131349,0.470545889338958,0.842232057491107
7276,0.135697712307610,0.326560615217511,0.437433222420921
7277,0.0750817116268611,0.585985422583628,0.861063203357784
7289,0.0410410735917244,0.421065722807963,0.919156496683067
7292,0.356643389004696,0.653490312349144,1.05583639483229,1.29060122435736
7297,0.237555274883283,0.453433421934717,1.20495298499665,1.26143138446190
7305,0.315579313075218,0.432425984868753,1.02860056412005,1.27840707365544
7309,0.447620434969628,0.758835508027067,1.15374668865898,1.44348645228906
7320,0.108808667418910,0.642445166568656,0.849918028244729
7329,0.0745783561677758,0.585239321651151,0.943212787990912
7333,0.0991280182115250,0.420675778834543,0.924718776592349
7336,0.288581339472979,0.749549285742156,1.00936826065898,1.32861194038139
7341,0.105822678750643,0.366590404481160,0.601107766633813,0.992684079604568
7349,0.195251191378512,0.454119457519367,0.688095921808430
7357,0.102586945046803,0.390026237497079,0.797993393778851
7361,0.354157570329975,0.535791710088896,0.944179442874511
7368,0.0242798080581412,0.486733998851435,0.704674205498079
7372,0.138385512352057,0.417731437296693,0.974163186340431
7385,0.371419866963052,0.687856222729233,0.831113681311742
7388,0.0463143301694177,0.246618988310115,0.749188162104046
7393,0.335640359875766,0.539868310254726,1.04956566267817,1.34288827359836
7401,0.0455178289267257,0.503150635297124,0.708719559344901
7409,0.0711041051705628,0.324101970976354,0.780205244501978,0.922118368663385
7413,0.314444314590274,0.888415126540052,1.20567490827616
7420,0.297443220219096,0.708919732140120,1.21930967383203
7432,0.0565250193528103,0.165808885525898,0.571298509500145,0.911707544098613
7433,0.143987596606296,0.535550022721153,0.925444336461195
7437,0.260605685594293,0.488998533362509,0.941564155593545
7445,0.378183811400087,0.832678762872810,1.04148265380058
7453,0.315764753485502,0.598370812755999,0.787454198058733
7465,0.0216818052585473,0.351178294134790,0.871382792984541
7484,0.526078306869642,0.855389542560510,1.10742267723112,1.32849614316237
7485,0.113212310815596,0.397961149691671,0.844290034806256
7489,0.0812926896685797,0.483294871780530,0.999754220764225
7505,0.0729221640709172,0.375079389194460,0.696375298584576
7513,0.122706247220667,0.440406325586590,0.843139099682869
7517,0.120164992492531,0.347748627892550,0.976149323186664
7528,0.0933749451441865,0.478737983174836,0.682880493124518
7537,0.0231030794353385,0.343495222318963,0.909847279876938,0.949381954354149
7541,0.504889857241393,0.596092089291812,0.840926693966267
7544,0.0763621893565551,0.490044033808891,0.695947613133286
7549,0.100190075689770,0.578100828456645
7557,0.358882143092185,0.796047812349227,1.03179770664210,1.27342930659091
7565,0.219660240782875,0.631863376332227,1.04882828569468,1.47167584453238
7576,0.449444553856633,0.840598264365279,0.969595613603657
7580,0.259840584288632,0.720505391492622,1.01841389524249,1.30161541077088
7589,0.120819292940620,0.639861513262342,0.880621180395672
7593,0.332633412171446,0.586679159585308,0.787300333596665
7601,0.0878484823499527,0.452734361921891,0.803618272858530
7608,0.0233298870019400,0.349156143308328,0.855088093060880
7609,0.0836516919901380,0.292301689135554,0.546539448001340,0.873148233554757
7617,0.0644198934895215,0.610188348606831,0.810041614400466
7621,0.114374596636964,0.330426522560716,0.805056070635442
7628,0.498722693259491,0.860981234451682,1.31818571708734
7640,0.480146802811000,0.830293970721826,1.10108781619349,1.30355273870410
7645,0.0533275331068034,0.404232883116859,0.893772241272060
7653,0.191628780910708,0.786602103113072,1.09584097507039,1.28596707300803
7656,0.212483930064608,0.607274271506700,0.927915551177173
7660,0.0991426941471455,0.342943802147195,0.738643996310409
7661,0.501321482449496,0.772032325305008,1.06034429689761,1.44066528932254
7669,0.0278794376738229,0.639069547386694,0.824833870259868
7673,0.152614200901392,0.542520846205421,0.900564687814586
7692,0.191532864398021,0.735583141470077,1.08174587905124,1.49842650074824
7697,0.285433386354565,0.827818990005039,0.986546843398921
7705,0.325252691541844,0.687699035225316,0.994886770350867
7708,0.156628425642833,0.520768975263101,0.719800938831765
7721,0.0651322341263245,0.334752862853380,0.676447915939840,0.906597596559911
7736,0.439688241891216,0.776966952694885,0.956505671234054
7745,0.266263675533180,0.513480389798912,0.946962350651558
7752,0.256560971326559,0.797239166621971,0.976956407579222
7757,0.0665482811329535,0.349398450039755,0.661143029285510
7765,0.260066427346465,0.580303286767527,0.963932666827392
7773,0.154822764964852,0.597459549022848,1.00009033786352,1.29482411091743
7777,0.376774650455798,0.847094936048265,0.984738829743971
7784,0.133679984061683,0.597441521251847,0.877963488017378
7788,0.0827212307164864,0.579031264203228,0.906475004482530
7797,0.0188635965119082,0.391304775578380,0.908961478436820
7801,0.0631912868006644,0.512727952151462,0.988607500663835
7804,0.343292912705585,0.675003135039675,0.933282918975840
7809,0.109140602315233,0.352072621965105,0.747101309576677
7816,0.387721136000977,0.773074065519126,1.21261159553223,1.48515610417747
7817,0.521879937096337,0.684910100860989,1.19616870312451,1.47396018167481
7829,0.102479878297604,0.644195205566278,0.893826634334264
7836,0.0681210205939612,0.478556096689531,0.723111261227975
7849,0.178814403609889,0.347554618942856,0.705060616234547,0.998458968058796
7853,0.0371743438226520,0.804938377069102,1.07927178616340,1.27706670894764
7861,0.00761904120324594,0.238446700802863,0.647477500209606
7864,0.101645737272193,0.509427496415408,0.687553379537497
7868,0.234608807640473,0.356079578898970,0.930035296252043
7869,0.0378026548762191,0.350390941866483,0.846728050911973
7877,0.0284035201533872,0.625347794799842,1.08067142542660,1.38592606515061
7881,0.0727514854612157,0.369030084018482,0.965879908550394
7901,0.143309792583445,0.635067504678588,0.909661453919184
7905,0.393138577296408,0.532610711627667,0.669775896320232
7913,0.447924124125667,0.684970673959607,1.13688951718306,1.48780366934096
7916,0.261588385852671,0.734367672665497,1.04623671768849,1.17415380928528
7933,0.171363993610853,0.751991907485194,1.18586612554645
7944,0.225184617521157,0.752811448006107,0.841754539324982
7953,0.0759333999875979,0.372676147782703,0.732044745599953
7957,0.0910469046879627,0.430907503099516,0.848859977208086
7960,0.228614505832146,0.680267791587632,0.956362451153366
7973,0.521875866423572,0.750419296347113,1.00114980934777
7981,0.222624302712419,0.459357547953563,0.964714858163501
7985,0.186986314511536,0.613005353372677,0.818056930183249
7996,0.0284043344838948,0.466817112456710,0.862155321535480
8005,0.261046358301639,0.779376787108874,1.24040258940742,1.43836732925008
8009,0.266517989598180,0.709494555290608,1.01035876573844,1.38517310511505
8012,0.486653247029920,0.757640261230494,0.995043213595969
8017,0.216966645359330,0.691790233675184,1.02509862610222,1.23125110876926
8024,0.120119985845038,0.574007528304703,0.900962845525420
8033,0.406526778392562,0.693681117086209,0.991462213482883
8044,0.196140192009748,0.352042735177767,0.542145418316314
8056,0.0773221453258059,0.217572443857891,0.546969256747865
8057,0.0351207347216045,0.449597013654053,0.927881120878400
8061,0.138073990845444,0.550894667107206,0.934103345578878
8069,0.187997216935642,0.286355776705158,0.867369995615230
8072,0.0983803349642669,0.702346730598975,0.886912451626354
8076,0.0302406758404233,0.632083183497108,0.731212249534108
8077,0.239153668065065,0.696736109234895,0.927697726060586
8089,0.120979954605719,0.369187814065983,0.864675888031271,0.969106327382171
8108,0.0423900092272393,0.391118810028247,0.796988088345982,0.967263979056099
8113,0.456150268447636,0.973480910475011
8121,0.0356012021852458,0.452294129324112,0.767698152694889,0.913322150089166
8124,0.142908403687487,0.631155137908154,0.972407683517351
8129,0.149931027177103,0.361257545925946,0.867882971516030
8137,0.299241047527741,0.406156434301528,0.755605829625806
8141,0.108818648715876,0.567296107647832,0.909885975616381
8152,0.354345184415708,0.919926937191015
8161,0.546149721858348,0.765345150931468,1.15547107446109,1.36294935570419
8165,0.316086652194573,0.669438311392332,0.960586944561995
8168,0.495718324050826,0.614879238379444,1.10561841993345
8173,0.129054002518239,0.755498847498789,0.975095008437814
8189,0.399311591926019,0.738920560800660,0.941022803182142
8193,0.478605279668403,0.897683298083246,1.08402753935429
8204,0.306318684971934,0.732504396404466,0.995180106687275
8213,0.0567353655715558,0.689708693799196,0.768494586444153
8220,0.399228718132372,0.584206894850654,1.15179362276614,1.38308466273397
8233,0.149855687265434,0.583268263675890,0.981315889930577
8241,0.333243086765187,0.662906895205226,0.831927469911315
8245,0.304963929137634,0.791218731366470,1.13551994884825,1.49221655972569
8252,0.653016256205699,0.823554937527577,1.12340619240213
8264,0.396455095536571,0.881703996179216,1.12400723781293,1.44480834591534
8265,0.186196860227682,0.456098448031497,0.822403601647478
8269,0.150091810467316,0.446060142484698,0.746338159724539
8277,0.280802214678786,0.678981988563870,1.07624531971334,1.45840040837905
8284,0.0819520002278785,0.437071113167656,0.687025007155052
8285,0.337622342077257,0.840274652821138,1.13438873048241,1.47575863999441
8293,0.241723990277183,0.339347783374773,0.760180950066766
8297,0.0203995578207986,0.632235574226473,0.874911578628999
8317,0.419235350411546,0.667911442750920,1.21977174127837
8321,0.380824428783368,0.765189949538256,1.04056981638747,1.20373664693042,1.43161845799743
8329,0.274732808468306,0.728089327068386,0.973250744886657
8332,0.104268312542972,0.441782048311512,0.912991034218637
8337,0.402432105134438,0.728034096820645,0.935234266109457
8345,0.112228244901970,0.703523039337686,0.976328922801429
8360,0.286821524687997,0.589648958302688,1.07851826815088,1.32053021905351
8369,0.0581736830372713,0.629808443735640,0.955333330078494
8373,0.290619267310435,0.445769785772422,0.955393639529380
8376,0.0531718610113579,0.296680166859232,0.770462443453491,0.924017120478888
8389,0.226263130209422,0.695307962304273,0.985414655262689
8401,0.0551254480105120,0.395652447069318,0.698501921958570
8408,0.198617375980335,0.594031843495469,0.779194052274993
8412,0.107337436019267,0.591601345915634,0.957131849604358
8421,0.0855636822989483,0.308844496557866,0.832908364142266
8440,0.379203331267148,0.692138835299502,1.32390751138375,1.45588158434985
8441,0.124222578119807,0.325614388254785,0.865744541918879,0.973978121886188
8449,0.313241353455187,0.562522079542017,0.730586513266671
8453,0.192879816167389,0.390186964994525,0.960772503512209
8472,0.164004914216489,0.796041787115604,0.932708330478651
8473,0.462593585463265,0.700773598185641
8485,0.174482669943154,0.615050059431969,0.914353592565434
8488,0.0941042786339957,0.455780251612630,0.814867032465717
8492,0.500998034388989,0.888249741820881,1.30849428347022
8493,0.341642313279581,0.631657496570051,1.09429002704702,1.30091021781057
8501,0.446253416047582,0.688559188734977,0.967264632716832
8524,0.280715278898292,0.547926902698528,0.943878898491640
8529,0.0232583205442105,0.168444561822323,0.402910506515944
8537,0.135149566983033,0.469784428417125,0.577685038721203
8540,0.397556971196846,0.559416415401894,0.925051244972838
8545,0.00975952443597997,0.383178675781881,0.528107916420457,0.835900965009698
8553,0.144648951072821,0.511050393348701,1.09207649696870,1.23679657667621
8557,0.290196058870916,0.756417502794319,1.09941570240159,1.46252932810454
8581,0.212145554536724,0.586390916553312,0.806259740619271
8584,0.263544907479424,0.640705730903069,1.06274143366442,1.35115736268724
8589,0.198112103681342,0.725524533223978,1.14941372753016,1.40239713410770
8597,0.334313248059184,0.739224597562897,1.20433182962947,1.32675285152488
8605,0.134405361199204,0.363596196042610,0.892514444060709
8609,0.281191579286744,0.581268663597843,0.802009528464886
8616,0.152767096889593,0.348451205141339,0.802642041937816
8620,0.149883265710320,0.500419662867627,0.877799973388776
8629,0.154394733723729,0.428698175382692,0.715982293578275,0.972447066024023
8633,0.362450832104697,0.527002090683811,0.999288356947429
8636,0.565002783405712,0.675351260629980,1.11012935344124,1.46787756157764
8641,0.197073586192155,0.734396849372529,0.873928235828912
8648,0.0366708950863883,0.589478140882390,0.930348503908127
8657,0.474596501228728,0.676169302896103,0.940246854969239
8661,0.129512234202390,0.482964111014449,0.827194629604784
8668,0.250291024305093,0.795244107874496,1.25293868461810,1.42805923390406
8680,0.182408840531542,0.570984495087975,0.953779827636277
8681,0.0376192048130989,0.668512078060532,0.785307358827201
8693,0.0468727169835387,0.255054204418239,0.760924835288104
8696,0.273884556762459,0.786051553245558,0.944581552472865
8701,0.0369556009589626,0.196789313020231,0.599777149815092,0.908339624291922
8709,0.200755905554890,0.580502721010460,0.887302141474673
8713,0.245641676073026,0.661485452734189,1.35593820899559,1.48304086961369
8732,0.387416349100369,0.727053044700809,1.06715420830350
8733,0.154687333433121,0.412192390553336,0.752527576477053
8737,0.119755118800870,0.444118062864206,0.779316180107750
8745,0.0175146966793036,0.209404094596467,0.659805589907937
8753,0.486960007903758,0.819657645281868,1.03035786716419,1.31029447343905
8761,0.191578501101133,0.464987316320270,0.918080594845080
8765,0.226703387459715,0.490390436509901,0.758416477899997
8776,0.119257625731070,0.523359558540514,0.866159242052634
8785,0.346422211664013,0.770465482760430,1.10869187899939,1.48989207977794
8789,0.395261596111108,0.629835291666281,0.866463695375156
8792,0.489015249608932,0.683818909491267,1.11056106415458,1.34831301031583
8797,0.155461333540255,0.564174477784476,0.999557932653090
8805,0.333346995227392,0.788598527477782,1.02953160159595,1.38613046381106
8813,0.275895838244644,0.651988609681651,0.878476420734302
8817,0.104781174190975,0.373319840449937,0.774910527092286
8824,0.438555162439576,0.650410477273413,1.21469545319484,1.47401656582408
8828,0.202952436781731,0.620953554602460,0.992813291388994
8837,0.0774657243335764,0.500384375640808,0.925819294064100
8841,0.349239391688701,0.472946230471353,0.937872467091196
8844,0.332194586428264,0.826920750834950,0.993236226792733
8849,0.132171409871427,0.342174969641785,0.971711154287420
8857,0.375595514851460,0.541199437402574,0.861132490750585
8876,0.134449650096696,0.622745126332698,0.994534716124606
8888,0.313390642574706,0.814786172979093,1.09160318838462,1.44142070919214
8889,0.252229677174338,0.480700649895532,0.597019659803720
8893,0.0575546650398309,0.352424525308853,0.805156165653300
8904,0.174926432730867,0.563350489461746,1.09471524967387,1.21446813153278,1.46053608096455
8908,0.228828764547769,0.790274838005776,1.17356248417554
8909,0.428304708452948,0.837348050853311,1.19230030952492,1.26436480559170
8917,0.0729622505700112,0.402453309498792,0.844442262953670
8921,0.210834872781672,0.662741557074872,0.953722595006289
8940,0.348479159159496,0.654399590491925,1.07134280415522,1.41081834001416
8941,0.200879257115492,0.934729446124906,0.995090135500250
8945,0.405498804153132,0.575766696606110,1.01911924302562,1.29038642251046
8953,0.267306674761179,0.671919138161997,0.772867123090997
8956,0.242255179118909,0.309544635988568,0.950202977400302
8961,0.0965159489098932,0.220102254519831,0.799803172279992
8969,0.326256190512654,0.579336203609660,0.896334692876219
8984,0.00931383390012695,0.185986691391134,0.608692848779337
8997,0.246549895724586,0.439534796470890,0.974873702334879
9005,0.185157779995264,0.284687192279211,0.830390717622560,0.989156659414762
9013,0.170910377152815,0.496013960235436,1.03267449369538,1.38985467874892
9021,0.174992330487923,0.628218184223860,0.870495031612387
9032,0.161539918983602,0.530294663332158,0.971651398938164
9049,0.204233895255995,0.479063376430801,0.892513670687560
9052,0.248225893623050,0.515826593162200,0.969267688738303
9057,0.195962354046900,0.792260764326505,1.07763494270518,1.24498419299972
9064,0.403471556794702,0.834396656318678,1.15264906678649,1.24354911442933
9073,0.112827623783218,0.324164463578785,0.869700253149413
9077,0.0750285861932249,0.481741310207152,1.02610907456729,1.12827022779707
9084,0.174523528274160,0.414184792805358,0.790644178880647
9096,0.0406330687469191,0.330008172118281,0.708070729864740,0.979833025808048
9097,0.0235553072843969,0.321377426048389,0.697202594789907
9101,0.469747909360701,0.651521289173365,0.918868573150925
9109,0.517339882992888,0.586256040881763,0.838817296496807
9112,0.0412696576446930,0.505403259009371,0.795120499557399
9116,0.286094722815020,0.521352349838334,0.957654276441444
9129,0.162083065350759,0.466489126904264,0.772222640118514
9148,0.103342251061367,0.685093765319758,0.931552810894582
9149,0.382610692141248,0.596670897541634,0.809644153530772
9161,0.0646117736616070,0.511782053670609,0.789425461950950
9164,0.298725211441179,0.709593496213166,1.00282548040329,1.36550123159410
9169,0.237517116861338,0.638641403969089,0.886244359759230
9177,0.206335479031587,0.538640988000616,0.890175330942733
9181,0.466595962282561,0.695847495663689,1.12425390103265,1.45313857745153
9192,0.163104376328467,0.362885019481135,1.06535082835466,1.36838634731490,1.49952399586419
9201,0.182536417725807,0.374889310638359,0.916354358021791
9205,0.109679347981664,0.381159756761050,0.907152393613689
9208,0.232583040237280,0.570463081161301,1.04094674985841,1.17481340564394
9213,0.284322647940608,0.733820462252704,0.936807570727567
9221,0.0476559847533793,0.303971962009720,0.793132920769359
9229,0.122911092558350,0.559511881471060,0.906424513921637
9233,0.145746446758459,0.506881180315774,0.790918126319502
9240,0.553352120240299,0.745530012760478,1.13934603960135
9244,0.0788448250088789,0.497700986428956,0.992617535811265
9253,0.352492750045658,0.779826560193807,1.09420827176855,1.40636624554854
9257,0.0537163314007959,0.823530143372346,0.981823715195081
9260,0.0802627467945019,0.194418045507683,0.774288392821896
9265,0.183762695971830,0.597298934757271,0.900231562714736
9272,0.184546875885606,0.451893113884060,0.839937947656130
9273,0.136593564641712,0.831495364577165,0.973146855399712
9281,0.376110606126037,0.648590562055221,0.916197355333613
9285,0.106991106905301,0.392684674285395,0.788573794339637
9292,0.0696970962251575,0.173376069315653,0.740342679065419,0.988118690171200
9304,0.303395201872386,0.607449040289385,0.875384088346849
9305,0.275438948649438,0.482060381005068,0.821166547034117
9309,0.197100363349409,0.487486682083472,0.900257118415569
9320,0.166420601859943,0.748947855512744,1.06684680221785,1.28227870566893
9337,0.0373329825909430,0.366694558878369,0.624755977924939
9356,0.170184961634557,0.474717040737767,0.576317583658492
9357,0.441595531368397,0.768986951824280,1.21870518113741,1.43068998923471
9361,0.138646852607302,0.566772487598194,0.883181217278787
9372,0.0254414822968374,0.589013556282540,0.909476244503495
9377,0.196876691118062,0.272876297269247,0.894807772555742
9385,0.0635607171027613,0.143027865429528,0.379507754479028,0.762845903664008
9389,0.150326268213427,0.502958912903754,0.887743559136970
9413,0.237246066846684,0.678554695968667,0.942782723024941
9416,0.0208422604328858,0.404108913821839,0.800339299666687
9421,0.0753716591325227,0.620532171309373,0.925097208149540
9429,0.0127924496358673,0.204825772156088,0.658333154516410
9437,0.300742616671513,0.541674103317143,1.03495555973364,1.39561610652362
9448,0.423565966376243,0.517291006311357,1.21631436999822,1.49111615591015
9452,0.210979550270464,0.595335678729455,0.945387039398463
9461,0.264111489031152,0.661626312527237,0.786249000249187
9465,0.262625738021047,0.658685882662394,0.978231501071684
9473,0.365956089062035,0.754077057109707,1.20105257987503,1.39598521765988
9480,0.180655113583305,0.298695102057332,0.866966678499014
9481,0.339950331654497,0.587532550391648,0.890803893652630
9489,0.240166185231056,0.612471702722692,0.837121732602986
9493,0.486089913411105,0.734848395529346,1.00937474323883
9512,0.0353417702116681,0.410593046814333,0.696254454355249
9517,0.0332694655759077,0.342959574933200,0.827279831576388
9528,0.230161616068459,0.429654860058210,0.807448495072697
9532,0.265341802563625,0.711104752545143,1.12214208478640
9533,0.357173468166436,0.842927014159099,1.04815513972030
9541,0.288674565220899,0.416904355532584,0.777228113321021
9545,0.155526719306682,0.569789492545521,0.911068786288905
9564,0.227174359576036,0.698025315415763,1.14100806905699,1.29658465884902
9565,0.244899958637090,0.762331511906404,1.05663970600508
9569,0.0743879205771654,0.322900241920847,0.607214822120026,0.955451219007176
9577,0.305194865474469,0.605593524219835,0.735733707873752
9580,0.146389948279976,0.382299935333089,0.927956955879122
9593,0.294802351896666,0.500968565988792,1.04942257115674,1.29535427336906
9597,0.0499201804386572,0.497709804219379,0.798226051735631
9608,0.134211470263843,0.684922818529309,1.09578482090064,1.27180351747537
9617,0.122164289278871,0.507289988844002,0.907231655670302
9624,0.370012842126914,0.730516925015729,1.08921024669371,1.30741566615265
9629,0.391525028713100,0.911166139432524,1.10527349230351,1.26580568633301
9637,0.150457647501926,0.615920824168027,0.895831117857591
9645,0.0720327686662577,0.596786241623229,0.933969144746391
9649,0.0539805317625258,0.374032210035775,0.802906290270206
9656,0.209572332998842,0.412878765172848,0.954748459510707
9660,0.217249923566182,0.546002761573241,0.952734775676216
9669,0.00320942492812203,0.578316554010122,0.912950425507009
9673,0.101550179508840,0.542073587296252,0.783202666468471
9676,0.324807961867613,0.494475931945069,0.957224671964403
9681,0.121894940645671,0.404772690483275,0.504709926066071
9688,0.299642177643277,0.646758081632160,1.14263733242432
9689,0.458962180232478,0.773832317897156
9697,0.0398270798534747,0.450370524315741,0.846441397299841
9701,0.302721024788232,0.485402112166532,0.870430351691523
9708,0.420296454199322,0.748507609694478
9721,0.116262418255130,0.279484658205861,0.875925790798863
9733,0.236203218452941,0.547745354749044,0.845247398870425
9736,0.156050299691602,0.570508324862479,0.808303158038052
9740,0.678297101097870,0.852498968224913,1.20895272587434
9741,0.0111743097058053,0.342328567716535,0.775623111308123,0.989298833711601
9749,0.222510508058603,0.719243936950470,1.02982792817043,1.22133735595588
9753,0.230986674974638,0.342822610972096,0.618530488024947
9772,0.234515932157100,0.506428587014626,0.957578532288008
9773,0.105292433481688,0.343195918016304,0.937558960024486
9777,0.249139674880047,0.482184854098211,0.918140895912818
9785,0.339582675401509,0.709992845990219,1.14427063922928,1.38381493844525
9788,0.293406860143373,0.661931301345744,0.986664236656627
9793,0.255715645795580,0.632490668662141,1.05303109826067,1.18857493404470
9805,0.293915391100125,0.758439087087262,1.12909239647108
9816,0.339469094524125,0.656282792868371,0.887527665429776
9829,0.209086249111819,0.435802229658622,0.842442339837588
9832,0.159986818106555,0.573849857976155,1.00047389492400,1.40291126842913
9845,0.0739477920076669,0.395985112440633,0.794942776158089
9853,0.0398457599693852,0.486763717122480,0.849375183876044
9857,0.0629985701316980,0.576503436270456,0.822315346959743
9868,0.0314095279322406,0.557612665618250,0.738255833879007
9877,0.222502187153469,0.645063737707228
9881,0.168669243632172,0.714184337112572
9884,0.0179944648387062,0.400549126879964,0.839906378756369,0.957274012141585
9889,0.266724224565875,0.670487945419327,0.956797094694951
9896,0.135826155960366,0.514981026601942,0.910933594458147
9897,0.0120939780225044,0.276793129591625,0.486799300911919
9905,0.261255305174097,0.671361816788069,0.979726155777812
9916,0.157634417443193,0.442582703759896,0.620617858037521
9928,0.0534771277150826,0.703430565671644,0.930670578758810
9929,0.181934064221023,0.555488979433523,0.946440887386878
9933,0.286546470568187,0.470649188035723,0.898990796223759
9941,0.0485520976392901,0.377875411268352,0.829298726390086
9944,0.0202666465838267,0.303514533731550,0.627507122596659,0.953421033165083
9948,0.0523092821198613,0.336504168562010,0.737540928163429
9949,0.0129871891969138,0.382127528794733,0.458308372299120
9957,0.211303532296984,0.504420977693817,0.810103749355636
9961,0.0683261484831737,0.272873379621786,0.829302305342131
9980,0.117567182938707,0.288403217230794,0.683667481296809
9985,0.204939947011278,0.483159781395399,0.768289781452481
9993,0.360555746515500,0.700486297354282,0.966816804728649
10001,0.136879624322086,0.355077976791553,0.764372371316190
10009,0.131942723858522,0.544588087108063,0.914761207366834
10013,0.154558466562860,0.452409524427405,0.818479195986143
10024,0.115619649796167,0.441080173211651,0.872363204376018
10033,0.0671041512488071,0.238396076992010,0.615876970177671
10037,0.304744728535452,0.714365840861346,0.814614661167294
10040,0.168659052429726,0.354430795305032,0.617407564682776
