21,0,1.08370155373427,2.28880720245145
24,0,1.16439730412806,1.77366133733151
29,0,0.984977208326658,2.28064940266505
41,0,1.04595586869814,1.47814179991934
44,0,0.708531987404621,1.78955268020491
56,0,0.905585060355816,1.64485321628060
61,0,0.911951435051615,1.37695299029506
69,0,0.976868697561922,1.56121884087571
76,0,0.716516905744005,1.32467401629099
89,0,0.790278503643131,1.46796800925398
101,0,0.887984622321341,1.68863555091263
104,0,0.903733185395207,1.41497647128875
109,0,0.435835149659153,1.17832539059250
124,0,0.874776783988222,1.04804613034544
129,0,0.819871063492865,1.12817322090096
136,0,0.721163299962926,1.17162611316702
141,0,0.656065511494683,1.10727376185870
149,0,0.336846709254568,1.55984333491407
156,0,0.589194799524758,1.04002614087021
161,0,0.584379089330869,1.08983008720949
181,0,0.715597157482966,1.23383180331090
184,0,0.522034021968257,0.961729327870048
201,0,0.743671639515716,1.04503501313900
204,0,0.555926521518258,1.03158606109760
209,0,0.834695768434706,1.10354295135189
221,0,0.527985726129172,1.21797814049340
229,0,0.603196406236546,1.09658359251379
236,0,0.677151824066519,1.36726739564708
241,0,0.574422183822829,1.05364465332524,1.43278915429649
249,0,0.497041559911391,0.889950514836546
264,0,0.594007546991763,1.32972998804462
269,0,0.849402555931051,1.32551666193494
281,0,0.278066030401697,1.01213099057356
284,0,0.440858418790756,1.15717636080528
296,0,0.438693920674324,1.15741181267813
301,0,0.365387651432477,1.17360505675752
309,0,0.512681928424405,1.00029441198597
316,0,0.541833421744302,0.845827382975728
321,0,0.632256674159351,1.07179188957983,1.41670275560315
329,0,0.581383598421458,0.994366802914173
341,0,0.654472850581194,1.39688456397247
344,0,0.606746837479927,0.870526495352871
349,0,0.544951199548166,1.02367297766798
364,0,0.555612385298744,1.01046774078615,1.30113838315807
376,0,0.539906590872106,1.15223581761740,1.36491637094600
381,0,0.634158865542120,1.18259473225382
389,0,0.438426824711519,1.08599656140203
401,0,0.384463578622847,1.02848854329245,1.34459098705215
409,0,0.702954279010855,0.895175977972679
421,0,0.396337460835765,0.819404644081284
424,0,0.345851646500418,0.801359833628879
429,0,0.450012827406316,0.863412467605303
444,0,0.552399050935549,1.03084359889777
449,0,0.567202089966062,0.807740307119358
456,0,0.601983258115129,0.936037713991140
461,0,0.537040663579681,1.34377163111641
469,0,0.600665281861881,0.920132406793453
476,0,0.523713889234989,1.06867074139195
481,0,0.403757325920760,1.03631814132772,1.33180189749204
489,0,0.541314163131901,1.01958859752147,1.40273227940799
501,0,0.441700520458380,0.828977955890121
509,0,0.655333892651098,1.17245905819306
521,0,0.607525867816916,1.11337929636788,1.44745515963351
524,0,0.718107848312235,1.07101505019931
536,0,0.213542930816862,1.10539769673401,1.48505982666757
541,0,0.340232452030438,0.802095649649288
556,0,0.617950048424339,0.989231355970975
561,0,0.475973800413270,0.871308726743627
569,0,0.443207061955881,0.970575671334096
581,0,0.546095115281088,1.08258245483389
584,0,0.793314010230427,1.03702794662991,1.49126435106363
589,0,0.409428682644114,0.802588737586928
601,0,0.595618847725776,1.01208011290821,1.17711623404508
604,0,0.476354072013823,0.790432414031849
609,0,0.351997461632621,0.896841964193448
616,0,0.449883691491636,0.877778473992947
629,0,0.523598543135734,1.31397801201743
636,0,0.636234410152830,1.05221902605781,1.41662732615139
641,0,0.529365545114517,0.930442582071417
649,0,0.540346152117638,0.937203679853624
661,0,0.288536830104266,1.20080444307628,1.38711578685132
664,0,0.676922739401642,0.937180319566306
669,0,0.312338560353624,0.923822069247692
681,0,0.338191062364199,0.818105015077289
689,0,0.431418048866276,1.06879898612725,1.44431242822509
696,0,0.609382831672257,1.04398386604544,1.35227573103098
701,0,0.497166143702937,0.788499555493189
709,0,0.363553931088222,0.697825756664324
716,0,0.530658591466669,0.879872590002100
721,0,0.378620963465429,0.855586543823439
741,0,0.449407929728946,1.21217926591312
744,0,0.414832296890107,0.942913757227486
749,0,0.390616751648267,1.07740355392277
761,0,0.536742627442795,0.944967621852301
764,0,0.336925673555876,0.957217470278861
769,0,0.540180308974036,0.686021775377971
776,0,0.533924055748676,1.15925323355505
781,0,0.515971592736512,0.847321070230587
789,0,0.591032005475907,1.09014194686235,1.49270127036083
796,0,0.548344583612560,0.939239618570160
809,0,0.289122334884014,0.914099281247030
821,0,0.569469695294628,0.734412727892624
824,0,0.592225056358860,0.952267549636161
829,0,0.641122949418563,0.971033465894822
844,0,0.357522092763632,0.817398635318550
849,0,0.343648583559463,0.811688868266072
856,0,0.461045167177834,0.840515749207940,0.960381541708879
861,0,0.586994042162714,0.815659376690387
869,0,0.215487301512776,1.02713235900368,1.45170566711203
876,0,0.264284306358006,0.886344453453033
881,0,0.639995525932611,0.987817591825634
889,0,0.513073134522994,0.795050078635966
901,0,0.474715236483299,1.03354377439945,1.39069800492124
904,0,0.157173753268710,0.881463554924555
921,0,0.439979054100398,0.651439557862930
924,0,0.531102744016720,0.945755556306781
929,0,0.624554401228653,0.859870270879656
941,0,0.709287235180484,0.937272328385682
949,0,0.269491556556871,0.932304019961385
956,0,0.237845712996453,0.861183059963726
969,0,0.368396358456974,1.02479288797485,1.42130744575953,1.46879861022590
984,0,0.479619981792452,0.795588240841523
989,0,0.399914876338777,0.902000938627711
1001,0,0.252339769061760,1.04287108716026,1.30729566420416
1004,0,0.528806486831978,1.18773018612863,1.28804518279649
1009,0,0.535533059662253,0.729926040957318,0.911674115418185
1016,0,0.172202285523955,1.00085215792165,1.27143841143033
1021,0,0.524588919267486,0.947377346408575
1036,0,0.352556682305545,1.03962129926826,1.07889258484020
1041,0,0.494346353074134,0.946331962375801
1049,0,0.339466869373614,1.21339732757954,1.33903295019394
1061,0,0.250339290553077,1.00173577930785,1.35913600690694
1064,0,0.514819030559577,0.890584872446887
1069,0,0.366976663194892,1.05779951493017,1.26785658159868
1081,0,0.401753790694104,0.903964063177502
1084,0,0.462840993147442,0.876363335374531
1096,0,0.353084726358835,0.735707419679788
1101,0,0.391542933529962,0.826651889042161
1109,0,0.638189912890817,0.927756112139320
1121,0,0.346909441095459,0.771076056054657
1129,0,0.315101101937951,0.711515355971352
1141,0,0.347427867943049,0.775672637454126
1144,0,0.534118530134353,0.852683520183665
1149,0,0.329237054823645,0.758979056683336
1164,0,0.153423982225262,0.938083569015041
1169,0,0.533861134617078,0.837349548656451
1181,0,0.580759733377227,1.10362983576770,1.36433284564123
1189,0,0.552612621784904,0.799798009789596
1196,0,0.594939290253685,0.971993700667804
1201,0,0.358308056065356,0.621390555235854
1209,0,0.518906848914498,0.943229590597522
1221,0,0.571119640832283,1.11131460298021,1.23151811474974
1229,0,0.231253274458232,0.935114889455109
1241,0,0.296085695084730,0.679975898642230
1244,0,0.500322090666202,1.06278394169164,1.49690200337556
1249,0,0.540092753725415,0.824995597338836
1256,0,0.400030930278913,1.06580862285746
1261,0,0.385046295264957,0.811647863520470
1276,0,0.355315523005072,0.674481938779490
1281,0,0.558761904490399,0.690993599358247
1289,0,0.313901838821130,0.772053996059382
1301,0,0.356034680805687,1.25606357931238,1.42401110418228
1304,0,0.512187376253275,0.788530472962932
1309,0,0.378766287287650,0.743582713377021
1321,0,0.443648673414691,0.869017502772228
1324,0,0.0872226862349459,0.910564846430518
1329,0,0.576904597104804,0.957338111778875
1336,0,0.561189924694708,0.966198874031169
1349,0,0.538917440306564,1.06684385332955
1356,0,0.519034874455052,0.908685293944744
1361,0,0.632489390275739,0.827257171595828
1381,0,0.374365819880359,0.826059020653171
1384,0,0.398110806436680,0.911029301351460
1389,0,0.575537150089601,0.957220090839726
1401,0,0.377249321306271,0.792059167726709
1409,0,0.519202446777628,0.703376235873927
1416,0,0.230731727539031,0.978593658982208
1429,0,0.378889719414966,0.728480111936404
1436,0,0.401707174789255,0.723705537487766
1441,0,0.194260096959966,0.912036209546909
1461,0,0.347146388157738,1.02606736739961,1.43305877694540
1464,0,0.187478050101754,0.786022871198085
1469,0,0.506478806991125,1.03794717938801
1481,0,0.491387159914503,0.771752548329360
1484,0,0.441919622021515,1.05127733341485,1.18490897748899
1489,0,0.449165223788961,0.765325624593226
1496,0,0.691755601265515,0.950691044157253
1501,0,0.479612093788912,0.943773873963740
1509,0,0.431363219797500,0.741735605460481
1516,0,0.392907783669124,0.722735315192768
1529,0,0.305042532444546,0.990947513870669
1541,0,0.183814451842658,0.903936091506066
1544,0,0.369522717743113,0.766817337883769
1549,0,0.370135007062796,0.819015407025291,0.980005732635473
1561,0,0.237327296104261,0.899959727703136
1564,0,0.535750317540976,0.778342724764084
1569,0,0.141631136527515,0.792200088175403
1576,0,0.459663783454555,0.760895103302472
1581,0,0.588546266597196,0.854583141654715
1589,0,0.450395541512680,0.897717215840317
1596,0,0.369175431245422,0.896389171141903
1601,0,0.349772755610660,0.947399026097788
1609,0,0.515130434951369,0.805581812882742
1621,0,0.415113872546327,0.737631325558114
1624,0,0.456782392185081,0.764465997447674
1641,0,0.613720913763167,0.836639881667059
1644,0,0.357826373259239,1.09359144405943,1.32786636634053
1649,0,0.448626979700634,0.751651485231134
1661,0,0.496610926063475,0.760932442338588
1669,0,0.383769749794600,0.920264501329646
1676,0,0.569156538111207,1.07687618315493,1.16577447849624
1689,0,0.327973169416755,0.824154614145011
1704,0,0.662920331696796,0.854786186745638
1709,0,0.328621894158134,0.792548316727780
1721,0,0.345974892376819,0.924181574053735
1724,0,0.303103499758057,0.840639871105308
1729,0,0.447608734619611,0.783946751971246,0.971023323314008
1736,0,0.261595051896098,0.874451880028702
1741,0,0.540800745531816,0.857026905830413
1749,0,0.411211363026835,0.962453563072956
1756,0,0.228697222529739,1.03014536628997,1.30917479189669
1761,0,0.366177160653321,0.769064947112580
1769,0,0.509961564183946,0.890576723354628
1781,0,0.618961791123117,0.927053198688905
1784,0,0.641523453926073,0.888616743698529
1789,0,0.0849401273552334,0.720467816381477
1801,0,0.192288474835454,0.698139733960061
1804,0,0.495675129251327,0.899101122279210
1816,0,0.433520865537943,0.800711572815930
1821,0,0.340205795676640,0.669083044515550
1829,0,0.451959630319586,0.792647669468310
1841,0,0.314206018160406,0.904250419371180
1861,0,0.391548000970073,0.921768537084867
1864,0,0.287757289289268,0.688699985066789
1869,0,0.283212079303821,0.866737017638897
1884,0,0.438417780664869,0.845425514127264
1889,0,0.446863408461354,0.942192932583079
1896,0,0.489768641477847,0.986017983749242
1901,0,0.101790390220295,0.852961238413511
1909,0,0.365301563617305,0.847773731731070
1916,0,0.327758171533505,1.03402018913468,1.45026850147990
1921,0,0.501708835418874,0.877933761799775
1929,0,0.283125672655420,0.749337922278774
1941,0,0.321801467320635,0.843576232642847
1949,0,0.590758648556733,0.897378551076059
1961,0,0.227115144064577,0.745645921931805
1964,0,0.396678860149941,0.842711273468441
1969,0,0.134753987151153,0.752769639186588
1976,0,0.253844189376778,0.776156525307577
1981,0,0.255861480987739,0.772672145692947
1996,0,0.351773066219400,0.688350113362156
2001,0,0.516884934666453,0.827283152198960
2021,0,0.326121681914836,1.01825465402224,1.44588071023994
2024,0,0.392003154807336,0.770428161136859
2029,0,0.487871255393321,0.924066217352804
2041,0,0.381694851484736,0.678739655739409,0.963297844997337
2044,0,0.298820668708338,0.891203710602300
2049,0,0.370848888340100,0.961457183460036
2056,0,0.310471340803771,0.816854201618433
2069,0,0.329518618029029,0.837774806579231
2076,0,0.371180275877829,0.756342542436112
2081,0,0.290930827985489,0.794495980547741
2089,0,0.500767992476107,0.859735693317820,0.986303785226540
2101,0,0.393545263843864,0.658794589665353
2104,0,0.379110971335306,0.674869512610562,0.956373904855768
2109,0,0.349022282939593,0.816343384617173
2121,0,0.379447028119635,0.647670962014263
2129,0,0.198418256677904,0.763142775131200
2136,0,0.386553376966123,0.887965940895250
2141,0,0.631196163263469,0.815853677132822
2149,0,0.232937109794492,0.902020010308302
2161,0,0.402869953558101,0.899898623835385
2181,0,0.374495550338415,0.791772708653789
2184,0,0.261554552520770,0.917964956650215
2189,0,0.427163510050205,0.941657889671683
2201,0,0.448522406247829,0.924227103960759
2204,0,0.531286873961433,0.952958549089936
2216,0,0.328006237427911,0.905070517448288
2221,0,0.462189123252504,0.661445521576018,0.922922215951134
2229,0,0.329696238418032,0.879778369040149
2236,0,0.451200873003842,0.753039368175801
2249,0,0.312905535367106,0.726666315581226
2261,0,0.386470930297766,0.886410618567210
2264,0,0.410926260785964,1.12016429747044,1.34344821085950,1.43578144800376
2269,0,0.298079228037246,0.643052683189437
2281,0,0.468851194427421,0.730168810964485
2284,0,0.386897424154264,0.635030772705373
2289,0,0.331043470590253,0.877807353146520
2296,0,0.290302098550349,0.617798753242544
2301,0,0.619885077198009,0.877304004015770
2309,0,0.551247101619432,1.05088385349412,1.20020624215431
2316,0,0.398324072328841,0.924372198833259
2321,0,0.257301677663496,0.858596420566592,0.972999035942945
2329,0,0.435088498458278,0.794518713817425,0.985709535459833
2341,0,0.520344042180504,0.835184631733738
2344,0,0.450298035285590,0.806109369258330
2361,0,0.301008223823816,0.675064201677135,0.944474275113976
2364,0,0.480296995069009,0.861631941184148
2369,0,0.499279453363378,0.913141152645281
2381,0,0.187158736330613,0.736667033717409
2389,0,0.291113692669473,0.616693826872972
2396,0,0.361907042986203,0.790581167934890
2409,0,0.345770726935545,0.703015125869627
2424,0,0.369316626933664,0.757919119668690
2429,0,0.272734880690703,0.868782234826314
2441,0,0.622050084759618,0.725156303345652
2444,0,0.474964637634140,0.642412294387285
2449,0,0.283845204482241,0.703366997978451
2456,0,0.433897866325627,0.986673953197322
2461,0,0.346207626390451,0.678099415402646
2469,0,0.496803248018752,0.997473433442550
2476,0,0.442827774625281,0.774060893995271
2481,0,0.326840512901687,0.743397917652372
2489,0,0.257991217177159,0.799508410118206,0.991265580970617
2501,0,0.308035561810570,0.848218711429042
2504,0,0.466372995827413,1.05222770065786,1.20397176740958
2509,0,0.558638501908005,0.808888099185527
2521,0,0.553350980591186,0.647737457317260,0.886166106618380
2524,0,0.432224140216013,0.570850171669054,0.971522950095193
2536,0,0.169688362311259,0.740450236282479
2549,0,0.383299245336761,0.766713222384903
2561,0,0.420655175733635,0.889642108641301
2569,0,0.328206724562779,0.705797902390039,0.974789741361813
2581,0,0.376051815962126,0.817079590592999
2584,0,0.290870068136038,0.785914336065242
2589,0,0.501989674972385,0.804240277486015
2604,0,0.447577437787714,0.755519390799358
2609,0,0.327249128262999,0.869662751480546
2616,0,0.552217426664171,0.870564517316566
2621,0,0.451870491238608,0.998148242509811
2629,0,0.270043353670074,0.752710203234851
2636,0,0.365951693933600,0.758373736074448
2641,0,0.285878316917285,0.630637959692712,0.989941147773930
2649,0,0.425653247042800,0.977468232422571
2661,0,0.132288235912563,0.830586635657008
2669,0,0.236920417740845,0.885528479826906
2681,0,0.544252547302020,0.711746499989128
2684,0,0.452548939222097,0.843710206327488
2689,0,0.251192103971729,0.652097430466102
2696,0,0.290622771904875,0.764759457594528
2701,0,0.443363097468766,0.808234768644626
2716,0,0.351353577890802,0.793724632830697
2721,0,0.442029292179809,0.741921973077122
2729,0,0.413595118082284,0.943586286356252
2741,0,0.282620348760125,0.774026027143723
2749,0,0.418461544346752,0.857871305939140
2761,0,0.292408881616985,0.732268189622591
2764,0,0.311899225889764,0.907842331868152
2769,0,0.342873407420807,0.713145850562120,0.928327045002887
2776,0,0.297472023169087,0.801252581639156,0.945234519837615
2789,0,0.474463274302092,1.07478733678936,1.13171666407984
2796,0,0.658714703784382,0.802008501194613
2801,0,0.186112664260651,0.756189053031968
2821,0,0.395579166600634,0.650111103482978
2824,0,0.363178989137816,1.00925542754195,1.10264155637987,1.40634838872916
2829,0,0.449895819015582,0.547047604883423
2841,0,0.365247753775307,0.830579966347137
2849,0,0.456715149503043,0.666056766259593
2856,0,0.227585137298001,0.918624345628813
2861,0,0.427438901960003,0.998960383990739
2869,0,0.477009325381788,0.772329820893241
2876,0,0.489372943482158,0.932158445537850
2881,0,0.383551157302719,0.576582811762989,0.922420800265541
2901,0,0.511722807781710,0.867174203474000
2909,0,0.460772950854588,0.677007565477736
2921,0,0.286797386841799,0.746331643526013
2924,0,0.341107762266340,1.00718487886019,1.28802587863800
2929,0,0.528542777302922,0.826928168246644
2936,0,0.559839079181627,0.938192883342059
2941,0,0.498764034355974,0.617808081967770,0.971332811505346
2949,0,0.238735185388757,0.713603349171339
2956,0,0.360077381945047,0.676310600631465,0.989954184601116
2969,0,0.308143729739062,0.651499101121460
2981,0,0.280503542196810,1.10184717669760,1.32151603967200
2984,0,0.205350793775014,0.771098999996024
3001,0,0.437241353614264,0.771680591821573
3004,0,0.318402515357514,0.717332629222979
3009,0,0.338059078931475,0.831074997526781
3016,0,0.452523233289180,0.789724118691457
3021,0,0.367697753222380,0.606499963505912
3029,0,0.565433732944716,0.897101186551063
3036,0,0.505901710165195,0.910280140237566
3041,0,0.338811977461141,0.882718332100590
3049,0,0.124996989611888,0.676017537231902,0.952327702685606
3061,0,0.188883599232139,0.776829047824245,0.972940766532994
3064,0,0.229842181584900,0.911575556191832
3081,0,0.293820349357314,0.707137059576949
3084,0,0.231083268215102,0.849925804027473
3089,0,0.182147989758930,0.621431712728341
3101,0,0.400558345121595,0.786478182567931
3109,0,0.303793514566585,0.636666671060393,0.979712069153284
3116,0,0.173717368806258,0.792977782432590
3121,0,0.376837124773721,0.860469254285080,0.996793319535698
3129,0,0.495863753740619,0.747008380730499
3144,0,0.483109697196354,0.552805116608882
3149,0,0.577203620562398,0.865810302932083
3161,0,0.341095821897871,0.734340954201285,0.964958617449853
3164,0,0.338393935468317,0.799634200288087
3169,0,0.496097693427742,0.755566574344735
3176,0,0.384750563966524,1.13819608293444,1.18709657128518
3181,0,0.378444937966317,0.926625209016379
3189,0,0.270796872707177,0.764322909737428
3196,0,0.277179534528040,0.577351958492319
3201,0,0.451437269142742,0.610916963954200
3209,0,0.283850394759255,0.860815443397874
3221,0,0.366299631355982,0.705685739120166
3224,0,0.305435099294526,0.759385576238317
3229,0,0.411799209394158,0.617841871536642,0.945152283983660
3241,0,0.386834759626094,0.632179122500042
3244,0,0.387245629174435,0.932769851630462
3256,0,0.336424359233456,0.576129536199399,0.965719652540887
3261,0,0.316375067667546,0.986818794100972
3269,0,0.247303586134200,0.833207404405075
3281,0,0.510954870728981,0.833938984625900
3289,0,0.437698945980282,0.805148222398757
3301,0,0.450878112831189,0.644195419491502
3304,0,0.305656447896652,0.668705644185725
3309,0,0.469635838726070,0.953404389474207
3324,0,0.548433683482631,0.795369883797189
3329,0,0.320209842916541,0.771251940902070
3336,0,0.245056861063303,0.610330327260599
3341,0,0.323874780261184,0.785693636710817
3349,0,0.265282749057723,0.860946609025379
3356,0,0.565457603666895,0.858416159463679
3361,0,0.410532550135638,0.658112656761297,0.861619517727946
3369,0,0.294857270026206,0.738335567112118,0.875262837245569
3389,0,0.243352929477125,0.748670516777919
3401,0,0.484358897328075,0.760452120228587
3404,0,0.113985026054610,0.845551082722644
3409,0,0.377224010782338,0.682883790171019,0.948785349513101
3416,0,0.555188535725562,0.675267168663815
3421,0,0.175916516724908,0.959821460282237
3436,0,0.544360169971942,0.731260485246143
3441,0,0.336965235509177,0.690917072820386
3449,0,0.240641251616817,1.03160135822887,1.20895429773031,1.38376554761262
3461,0,0.384558618118849,1.02551881488993,1.37610217628904
3464,0,0.481001762139258,0.803156717767397
3469,0,0.257908034583511,0.592298355915573
3484,0,0.459491317597192,0.720670110675782
3489,0,0.445034213488501,0.835975005615452
3496,0,0.310536661950143,0.935867351490662
3516,0,0.337414396874325,0.743018524908279
3521,0,0.390684989592191,0.676961063798279
3529,0,0.198874281178219,0.684523742082959,0.982245677812837
3541,0,0.226795147082022,0.788463805256460
3544,0,0.288822128480554,0.606905541014579
3561,0,0.349141348005145,0.858726255006744
3569,0,0.333213904645004,0.899382346596548
3576,0,0.490897404142277,0.806462146069364
3581,0,0.220597802707166,0.746501887711458
3589,0,0.293157513587998,0.829730487860482
3596,0,0.411785422749890,0.817597760713328
3601,0,0.306467436026224,0.842527526386004
3621,0,0.148624167121390,0.625926191492200
3624,0,0.565204961272034,0.822779349291307
3629,0,0.366320442634000,0.953039815129954
3641,0,0.378721510848934,0.737997287994424,0.972374536089970
3644,0,0.367581137950505,0.770122855372475
3649,0,0.340670200224072,0.646673914447512,0.898039173656020
3656,0,0.200991951332091,0.845815457879277
3661,0,0.419296130605064,0.646462559818220
3669,0,0.520613742366902,0.815739938928550,0.884029295716985
3676,0,0.0437562519171025,0.626096028656783
3689,0,0.449277196330136,0.808965738173819
3701,0,0.589675824199962,0.895313049327898
3704,0,0.386054522884567,0.691553758599004
3709,0,0.212590639712336,0.920552313907424
3729,0,0.473234940264943,0.710912129545856
3736,0,0.447674164678180,0.720093953540749
3741,0,0.515775811997207,0.784363380277948
3749,0,0.392870444900729,0.744364661692816
3756,0,0.390652400616087,0.756378294146178,0.961991466251777
3761,0,0.150905730815585,0.767310458424957
3769,0,0.205860287152266,0.889761927589533,0.971076271156570
3781,0,0.274096663002144,0.662104408440846
3784,0,0.219943704133037,0.800169470444983
3801,0,0.298864492154480,0.744231005484933,0.992521999389933
3804,0,0.505865114492253,0.749550215346125
3809,0,0.322681170913032,0.589705297609947
3821,0,0.571082092940218,0.823147245485115
3829,0,0.295385094910868,0.759830326234500,0.984056000786719
3836,0,0.479592904858166,0.794861146028895
3841,0,0.116748351453727,0.770179800397296
3849,0,0.507626147210772,0.897171674922123,0.992096195129798
3864,0,0.232178730850443,1.00815729199537,1.13302725452582,1.23688656370530
3869,0,0.567206768061598,0.841017919193198
3881,0,0.255080418886355,0.884822915306021
3884,0,0.433146642274431,0.875089358585518
3889,0,0.211099251010478,0.639039618720526,0.944760166462431
3896,0,0.395879571377695,0.757237254088198
3901,0,0.139822309709748,0.641543388545151
3909,0,0.429603991954228,0.910110636083287
3916,0,0.549536853531043,0.680923219074597
3921,0,0.137311131558496,0.767061051247672,0.970760290602428
3929,0,0.319613162243448,0.728677215926918,0.977454475784559
3941,0,0.461198897439545,0.843436228179736
3944,0,0.330591215632436,0.910330959752354
3949,0,0.363956018870893,0.568760734015308
3961,0,0.433013007991448,0.788184998252308
3964,0,0.347371492633048,0.789032287406402,0.878593291602282
3976,0,0.287580310581081,0.734396250504190,0.964910195421302
3981,0,0.502487841488491,0.949689335201955
3989,0,0.491067995137793,0.876472853187983
4001,0,0.323046997508141,0.635977748878586
4009,0,0.421217504352629,0.675733761487364
4021,0,0.462439356161719,0.767595745602036
4024,0,0.328183687304614,0.892426693414420,0.993153970332233
4029,0,0.323563242976912,0.655412119500472
4044,0,0.349282232020391,0.825231554815888
4049,0,0.554792243074507,0.942794552180175,0.969342957723418
4061,0,0.264903193340259,0.802811717473621
4069,0,0.301650673958082,0.658509813041302
4076,0,0.252127888032443,0.847041363462659,0.941830222267416
4081,0,0.358812750250132,0.629398242735432
4089,0,0.289511112726347,0.539810650121361,0.972299610650009
4101,0,0.445971016126139,0.753356753261840
4109,0,0.258953011007986,0.912896437469744
4121,0,0.422601290929321,0.876647207197333
4124,0,0.275849858645294,0.722092619621756
4129,0,0.363677583443553,0.670323317812853
4136,0,0.600700011493766,0.907439100472064
4141,0,0.173299060794193,0.761280755615856,0.909395815977875
4156,0,0.392532212217711,0.849899078699977
4161,0,0.547122982168074,0.745506200300633
4169,0,0.298096302451352,0.671943146990684
4181,0,0.434353306356210,0.539947665196506
4184,0,0.429960792964650,0.860948648437102
4189,0,0.339628085361039,0.781945112253840
4201,0,0.297916951060879,0.576838559657468,0.904931326185468
4204,0,0.243592093387559,0.614569911326432,0.929324520045508
4209,0,0.353988733173848,0.748818761606480,0.907821071926873
4216,0,0.297132841928826,0.543921914577118
4229,0,0.348070200370927,0.623484225380506
4236,0,0.398579348439024,0.610602889672817
4241,0,0.370035252620886,0.803765963770202
4249,0,0.394379759287026,0.667050321715752,0.835957955810355
4261,0,0.422244868262321,0.884129869104464,0.991289635434589
4264,0,0.417340781460428,0.674316563096576,0.961582617605831
4269,0,0.577430211592427,0.717125590326443
4281,0,0.393136772461772,0.724629058409213,0.864237187181503
4289,0,0.426929255822314,0.995314125714730
4296,0,0.580988803366096,0.808728907219206
4301,0,0.350651699636861,0.900825786880575
4309,0,0.186521313298502,0.644924397829066
4316,0,0.149918697764439,0.720339576206037
4321,0,0.232126794580583,0.720217731850051,0.951053620323977
4341,0,0.412008216302243,0.647513479311372
4344,0,0.304393508628497,0.649660227835946
4349,0,0.418531200934752,0.577285970745016
4364,0,0.526160587981947,0.924760201287885
4369,0,0.430907523802842,0.667315904228184,0.885601593265059
4376,0,0.229732025443809,0.817972268695730
4381,0,0.248663077723492,0.883550813454630
4389,0,0.171490957485370,0.909417347131550
4396,0,0.259896193928113,0.644882700055652
4409,0,0.470761168560155,0.631743265451979
4421,0,0.114770703370577,0.795142741304213
4424,0,0.367144314036488,0.755933461807222
4429,0,0.585678092342462,0.820406437501538,0.954664543881492
4441,0,0.232404685159884,0.681972416333530
4444,0,0.286999161448607,0.909403620669307,0.986959387491516
4449,0,0.327620524596068,0.719446737271832
4456,0,0.242656726025244,0.719667951186216
4461,0,0.205999768482447,0.821862731039056,0.982474463339554
4469,0,0.245503791368616,0.941962117120824
4476,0,0.325818669012426,0.982478271943389
4481,0,0.392494515639685,0.619008806294662
4501,0,0.283010281411305,0.674458083091974
4504,0,0.296906712571674,0.654146946246297
4521,0,0.517467342044412,0.780326154308935
4524,0,0.311958483009075,0.633168314964082
4529,0,0.272276722436989,0.599713819671403
4541,0,0.495846543963226,0.972204176065803
4549,0,0.563558291065464,0.744963610095911
4556,0,0.449019993388428,1.02772244977226,1.09481636523182,1.44760417999030
4561,0,0.155670560859259,0.688237093950511,0.884331544064594
4569,0,0.344436839326591,0.842172301490092,0.966425211586350
4584,0,0.588821193427710,0.786942733921947
4589,0,0.362858160598428,0.615363339370316
4601,0,0.474124379277739,0.646842152897761
4604,0,0.422704450359217,0.821594768767318
4609,0,0.456521968847519,0.620152173182523
4616,0,0.424197302334990,0.952237909433407
4621,0,0.186991477248652,0.616115654951686
4629,0,0.486988787818702,0.809017269503118,0.879030844983579
4636,0,0.352757528655539,0.535555303496538
4641,0,0.432289503784477,0.589257690369909
4649,0,0.331155100116553,0.600305117008970
4661,0,0.336786702721864,0.946925716918013
4664,0,0.344665031427413,0.756281341918472
4669,0,0.493836147368298,0.689107487303290,0.924623840080167
4681,0,0.344898309962288,0.738638086071325
4684,0,0.399536631078021,0.588857886704857
4696,0,0.420480890951565,0.857204734291134
4701,0,0.242588496865153,0.738502088600976,0.979430282688023
4709,0,0.344067053551819,0.907680433738250
4721,0,0.0526729301444272,0.868691484916907
4729,0,0.161785286783336,0.752662365833042,0.944626288010037
4741,0,0.214515569628936,0.664158736806963
4744,0,0.274072263069520,0.925297048488289
4749,0,0.372742687863263,0.985344071693175
4764,0,0.383317278148905,0.710874378933167,0.988582415156014
4769,0,0.306359698361362,0.556612654092753
4776,0,0.404863338593126,0.534885938657663
4781,0,0.399073329452770,0.716159852515019
4789,0,0.174607229344130,0.715992698483316,0.968440960982630
4796,0,0.349675194266435,0.815184921717162
4801,0,0.467863242403113,0.846419468308422,0.950277277100925
4809,0,0.481179847391876,0.553655447029038
4821,0,0.447689200357040,0.852905284328599
4829,0,0.585268671639358,0.753067582793446
4841,0,0.124960467521884,0.589772157627153
4844,0,0.249874501054666,0.857858058209637
4849,0,0.227871033268326,0.824065599394500
4856,0,0.433829941859245,0.797049413233159
4861,0,0.294439775423204,0.818140491249063
4876,0,0.259024726068906,0.727935580872269,0.907258280663764
4881,0,0.138730037431374,0.669045278950976,0.980271252104984
4889,0,0.281960504433480,0.963219385601031
4904,0,0.515843284463646,0.690097245757415,0.949791712513183
4909,0,0.320830991540861,0.635915365667778,0.862207562663708
4921,0,0.211945869322291,0.721096573280496,0.983657845614570
4924,0,0.620621184022040,0.825460693240520,0.966346056666567
4929,0,0.299299079314089,0.727153378745275,0.849022259233684
4936,0,0.180938975132173,0.742228887341419,0.987728731789404
4956,0,0.360983674021603,0.741688385368728
4969,0,0.478903773988242,0.759076267718889,0.945247226132957
4981,0,0.208914833374068,0.651692773312573
4984,0,0.408894406878030,0.656545601719256
4989,0,0.256548776855093,0.957946694359304
5001,0,0.326802455681963,0.838925955080553
5009,0,0.355368821833355,0.625465293343035
5016,0,0.288553568184295,0.634065092049313
5021,0,0.0460121123512552,0.865739176953455
5029,0,0.204996736600992,0.847770280605904
5036,0,0.158316686867491,0.904351061611244
5061,0,0.524510416610042,0.684261807681720
5064,0,0.495958624682742,0.908910079837357,0.974016659392210
5069,0,0.196630252785474,0.807089173180943
5081,0,0.491411144017726,0.655327741779267
5084,0,0.280718014101350,0.694711416705196
5089,0,0.228844478295730,0.630459150891514
5101,0,0.307695900297738,0.728215844870762
5109,0,0.217348806093013,0.910729333944814
5116,0,0.236138135541363,0.830132483189866
5129,0,0.433741322553744,0.763661185809892
5141,0,0.535081334446586,0.785796387455540
5144,0,0.604432932924330,0.847886610429790
5149,0,0.100779089772818,0.715455522354074
5161,0,0.158374915401239,0.744842613632585,0.937581475190172
5164,0,0.414710683183479,0.868861979741108
5169,0,0.351506656880081,0.690842193785523
5176,0,0.583023670679611,0.714803023919003,0.958287182720080
5181,0,0.350897296526582,0.539698969840283
5189,0,0.295293524460224,0.781375557789305
5196,0,0.231482970079596,0.649616602527964
5201,0,0.229972625910331,0.822854049886263
5209,0,0.384853444580508,0.612075398449590,0.843106846741132
5221,0,0.454334740484385,0.732108754595313
5224,0,0.280357105219298,0.605198692980824,0.940520721437017
5241,0,0.172065672699010,0.835230804231184
5244,0,0.0764481441922809,0.658596387707473
5249,0,0.225187298349053,0.921051666295431
5261,0,0.250755873203139,0.740365625066044
5269,0,0.577318305012297,0.745317510484835,0.894869713363263
5276,0,0.464568168246167,0.864339288297955
5281,0,0.420557615783011,0.858584611352736,0.975999020129394
5289,0,0.259971164625643,0.555385129584218,0.973701606346611
5304,0,0.426025864796211,0.904521766954633
5309,0,0.492867137733441,0.829283196855460
5321,0,0.313260650682983,0.752561079368219,0.903875156414308
5336,0,0.231975904918104,0.537669675708300
5349,0,0.402989470183793,0.719403334239443,0.926984717181942
5356,0,0.187455041286713,0.597179744611831,0.922939195908461
5361,0,0.453409298800562,0.833981219981457
5369,0,0.339474519804569,0.728926187509980
5381,0,0.376239816465353,0.803787950662015
5384,0,0.274873146781378,0.629954666412355
5389,0,0.408700363409525,0.814247549861645
5401,0,0.283481300576815,0.514893271920693,0.907099552554224
5404,0,0.368303132012535,0.759338853425037,0.938433060833788
5416,0,0.449124787697585,0.685194097323870
5421,0,0.456891624004942,0.834782906044158
5429,0,0.403143210786375,0.499171144530309
5441,0,0.241456958307953,0.598218084681029,0.946064868913881
5449,0,0.327425203683114,0.718600996751160
5461,0,0.317495905135121,0.669748804545100,0.894875997591346
5464,0,0.365343203411671,0.652100660383469,0.840926846949317
5469,0,0.386423061419924,0.649805677351992
5484,0,0.358031550141060,0.887061224492381
5489,0,0.339115877261488,0.666319606277192,0.916854888940416
5496,0,0.220110510084115,0.692336912016259
5501,0,0.398258026174725,0.860987310763410
5509,0,0.386264073918686,0.692641180617711
5516,0,0.300059817374240,0.734779444347167
5521,0,0.255197969112846,0.693066843618721
5529,0,0.379554163470318,0.747770349154430
5541,0,0.436171520527397,0.710456589901858,0.938784122035448
5549,0,0.331746112227466,0.880450693128825
5561,0,0.361732334192415,0.843858129043678
5564,0,0.245340449088651,0.964778959431804
5569,0,0.363935030139767,0.513096087387123,0.922583161789789
5576,0,0.419433874914893,0.666487447745741
5581,0,0.247307785054484,0.794556697506765,0.864956297887425
5596,0,0.398065484075021,0.823109682188777,0.976794515217636
5601,0,0.290339257371188,0.609282805182767,0.941154195052929
5609,0,0.164136447455203,0.624101406971134
5621,0,0.332276730026661,0.765173817512863
5624,0,0.452756667642323,0.873460441356731
5629,0,0.150373158196082,0.618080425701386,0.941565719636601
5641,0,0.449721449803266,0.778261629853701,0.924268015896229
5644,0,0.263627538840638,0.585748838824606,0.870295126755783
5649,0,0.296408189180287,0.660938991563983
5656,0,0.273360378383257,0.695972306210313
5669,0,0.430319967404161,0.806062741679650
5676,0,0.401122252993309,0.854513243862564
5681,0,0.488156472152156,0.650854594004105,0.838160040666775
5689,0,0.470037266503922,0.672557812173561,0.954810018045736
5701,0,0.459706405583076,0.641482637451261
5704,0,0.421017778459817,0.731082347830880
5709,0,0.367727268406838,0.581802204406119
5721,0,0.287490438431263,0.692850312596230,0.948831403801516
5729,0,0.375405358275046,0.782229076384525
5736,0,0.521737780328388,0.784240853914794
5741,0,0.390850913120184,0.626582335474141
5749,0,0.296600477200334,0.453169725271321
5756,0,0.493428363077196,0.779011397533762
5761,0,0.121251757728819,0.726854395140282,0.970595178499171
5781,0,0.541501874166695,0.729013636379764
5784,0,0.215137994753329,0.735032836452142,0.973369242669875
5789,0,0.384416277404829,0.846925843184424
5801,0,0.403960588137343,0.739183947864819
5804,0,0.245271501663896,0.657548102263531
5809,0,0.354254918245820,0.738086762210895
5816,0,0.191105973345748,0.961360836571086
5821,0,0.418367372251102,0.673455302304738,0.814994867522975
5829,0,0.270635239062431,0.840121600741900
5836,0,0.394142560951419,0.726477626755474
5849,0,0.265272573041631,0.689600666862423,0.910199018558988
5861,0,0.181774054443152,0.666337819191292
5864,0,0.343627918185911,0.864895222737131
5869,0,0.299453461097851,0.670600492548066
5881,0,0.308036443656214,0.472939556054790
5884,0,0.311702331973012,0.536100621029364
5889,0,0.108757152043717,0.699727888297046
5896,0,0.308491969644916,0.715235258358833,0.864122197271025
5901,0,0.170915213542583,0.882987470738676
5909,0,0.334222471471494,0.763096618210280,0.937012505850444
5916,0,0.106298083283995,0.802697229397625,0.987301186021776
5921,0,0.296295753377319,0.829145009425678
5941,0,0.518302254166789,0.745068336896368,0.959528373664518
5944,0,0.226395501009908,0.718802643391615,0.943506130780240
5961,0,0.103354359709279,0.715969661089201,0.976035217268153
5964,0,0.291566588940907,0.765994265715885
5969,0,0.486826588931768,0.741172816501278
5981,0,0.457139553362794,0.984028898377124
5989,0,0.282861549275631,0.686067591964543
5996,0,0.411089800670367,0.666363684564105
6001,0,0.232537842197753,0.582073397520430,0.894842357627428
6009,0,0.466526392106553,0.808685093273326
6024,0,0.314996945458415,0.588078369046823
6029,0,0.372161649893566,0.670935109535649
6041,0,0.224343329425507,0.831652509172625
6044,0,0.514204403867437,0.799484068503182
6049,0,0.167844456765385,0.579136822145387
6056,0,0.248401771293128,0.700905783745602
6061,0,0.164818871274643,0.900678610450070
6081,0,0.378899552436704,0.788736261243460
6089,0,0.308850875876080,0.890368808811859
6101,0,0.224208228026233,0.759606572686187
6104,0,0.175050861465490,0.738994210618278
6109,0,0.527679743150826,0.743521925842698
6121,0,0.441361020314461,0.799000686664771,0.810553903888096
6124,0,0.411582104757555,0.673305148338170
6136,0,0.371328808419375,0.718982648880318,0.862445982723874
6141,0,0.176050681010353,0.682194689339379,0.965092344860593
6149,0,0.554996914789179,0.960254950067669
6161,0,0.111600712398079,0.689892454476442
6169,0,0.252051919951736,0.676135569809852,0.876314212660941
6181,0,0.464739200011008,0.629696040412872,0.877962159265026
6184,0,0.180530416984434,0.803500507986345
6189,0,0.384793172960482,0.601458070846113
6204,0,0.294933710379560,0.663229383320721
6209,0,0.394766979883640,0.674618947867107
6216,0,0.192211526759175,0.880707912808713
6221,0,0.436150878422306,0.793286478215391
6229,0,0.374998271176387,0.671756359297431
6236,0,0.477856590509659,0.748189159450744
6249,0,0.428934469734392,0.765068320641737
6261,0,0.443077783235198,0.836407662916066
6269,0,0.110701615598582,0.829081140130968
6281,0,0.260667506723576,0.618979793791155,0.980421619740758
6284,0,0.558905245925317,0.717823892542994
6289,0,0.346480672793937,0.756639443159955
6296,0,0.483242194916973,0.820925324064789
6301,0,0.172615289485699,0.649909645088530
6316,0,0.196480586495149,0.660743437474363,0.896328861269421
6329,0,0.305309337464646,0.703025233590514,0.903902188527680
6341,0,0.610549865256372,0.753980537933544
6344,0,0.214849443392938,0.730821171329446,0.959979132543813
6349,0,0.245042457225183,0.663906715865840
6361,0,0.408361331793738,0.756842596384622,0.981343074339143
6364,0,0.321195212024821,0.649964728317609,0.893094913317964
6369,0,0.428495496672339,0.689014415381199
6376,0,0.498560274658884,0.657602773056642,0.972610558901780
6389,0,0.219905804513244,0.983530704367805
6396,0,0.326620755864625,0.881898369179491
6401,0,0.397438562722783,0.779881135392814
6409,0,0.222434980224108,0.544858883512936,0.947144387093798
6421,0,0.382607781415831,0.607181341247916,0.966845900501379
6424,0,0.243263101107775,0.809659355546330,0.982453420774602
6429,0,0.390488909130777,0.856503410973585
6441,0,0.414033081505249,0.603887063950513,0.866212544694469
6449,0,0.278371576109150,0.702856228165343
6456,0,0.108261374416969,0.611120027440689
6461,0,0.353136800064376,0.645914356030868
6469,0,0.413869830036032,0.619155291455106,0.834717792359720
6476,0,0.366645707544064,0.486524406120351
6481,0,0.316440193450048,0.671510422033787
6501,0,0.573331365270759,0.883846003669594
6504,0,0.345049944378030,0.667669831732103,0.943290600749122
6509,0,0.258245998086693,1.00823020049471,1.12427680979451
6521,0,0.347532476289229,0.639160407519626
6524,0,0.159139076845843,0.668730307197065
6529,0,0.237214622259572,0.787949506719257,0.963569520727807
6536,0,0.304669058303257,0.931270896684713
6541,0,0.222399332727334,0.747563964720416
6549,0,0.318070117071663,0.587380972767989
6556,0,0.350769903943702,0.647365778852830,0.945384829530796
6569,0,0.480132516781972,0.857247708370994,0.999172600911202
6581,0,0.418629344262009,0.655649373471210,0.950061870413325
6584,0,0.314256663587810,0.703975178775000
6589,0,0.0969984465107449,0.635852406221938
6601,0,0.427821919187821,0.609137069048326
6604,0,0.283694988169847,0.737600040670610
6609,0,0.374016333793495,0.606244195399765,0.883028549882094
6616,0,0.255844156039617,0.589646460108753,0.987176278656287
6621,0,0.457013428883660,0.740481051967542
6629,0,0.289061295270168,0.698020082387227
6636,0,0.226701499330683,0.634551635323288
6641,0,0.547220216411576,0.710027852260537
6649,0,0.358622670938966,0.693739644221684
6661,0,0.157399518596999,0.665105801782456,0.873330553723708
6681,0,0.403110905080324,0.838393091345789
6684,0,0.480599150844963,0.812398381899249
6689,0,0.216050484897295,0.571075427441506
6701,0,0.396882533767209,0.685249186501932
6709,0,0.587291872227896,0.668537960303730
6716,0,0.209724045450112,0.887822018103434
6721,0,0.241693357512544,0.600372108001687,0.864119024843933
6729,0,0.100133822700502,0.668561397579059,0.961459639582225
6744,0,0.526810197795774,0.796906552830748
6749,0,0.289169235986540,0.691484754297309
6761,0,0.529494910291817,0.737584658133514
6764,0,0.319318476691884,0.749920533030969
6769,0,0.472174200246282,0.541193757019145,0.974461827748923
6781,0,0.385595882749187,0.829490905492694,0.900129228420027
6789,0,0.392618616118022,0.754720584042457
6796,0,0.273923238915528,0.913718457774125
6801,0,0.0680447662285303,0.772265142420952,0.931149115892254
6809,0,0.447636239410278,0.671733000968351
6821,0,0.262698624885665,0.889066021989389
6824,0,0.441327630346818,0.899122467116578
6829,0,0.146416573970308,0.771788059008618,0.940855832408979
6841,0,0.316300344718374,0.553265246878929,0.913056520579284
6844,0,0.397300606321710,0.711116603735898
6856,0,0.506438473889487,0.649995782539708
6861,0,0.317241135977156,0.660423788278746
6869,0,0.273866903745613,0.669876036207439,0.997314734537293
6881,0,0.415384087361253,0.690920882815857,0.995556535945683
6901,0,0.186494541205643,0.660561490779421
6904,0,0.234889404975702,0.676959578313090,0.868151358557771
6924,0,0.502875524755738,0.680090380967789,0.837091228908146
6941,0,0.411063970447848,0.533046121031860
6949,0,0.162748487227254,0.910049772639512
6956,0,0.424402633264277,0.861018596922867
6961,0,0.346140388214518,0.660364007909736
6969,0,0.374647334960528,0.543661239000542,0.985757469206960
6981,0,0.166058710509761,0.688449691111140
6989,0,0.379736662096232,0.661611135222269
7001,0,0.432669666091705,0.664628287145212,0.836809588793745
7004,0,0.278593108520495,0.699891694835512
7009,0,0.279637806233100,0.497011298138934
7016,0,0.385004560792203,0.745066743697413,0.943259535962044
7021,0,0.503773149276505,0.656091852407868
7036,0,0.287362249677097,0.595840649133903,0.975447282733361
7041,0,0.378827932526837,0.777165936705792,0.993729002441027
7049,0,0.234720646299980,0.783047152238779
7061,0,0.647744768867750,0.736552592420356
7064,0,0.189092746082356,0.769424097263492
7069,0,0.212916333644153,0.793790466453360
7081,0,0.272588843419687,0.590657496964745,0.867718439264140
7084,0,0.253155954009198,0.829510046118208,0.868337174205913
7089,0,0.262311921942698,0.908549543590912
7096,0,0.318030523793424,0.740122501938282,0.953340692543923
7109,0,0.304367290999523,0.721076474399879,0.975076828885574
7116,0,0.442759756554434,0.669633409994956,0.968782069448857
7121,0,0.376598734589849,0.508670916312952
7129,0,0.372521649992921,0.690757035356507
7141,0,0.409625831685456,0.533347518710038,0.887365626532774
7144,0,0.153295269572739,0.593976900309917,0.926310747346967
7149,0,0.243096604723961,0.561174062213622
7161,0,0.325501827945387,0.530806203682614
7169,0,0.231257060967097,0.512445492875333
7176,0,0.292851115327747,0.772299842515636,0.911827925899668
7181,0,0.336642559863553,0.923494685388120
7189,0,0.413511977902289,0.586762026615591,0.956345575377657
7196,0,0.502996252943586,0.600825858873482
7201,0,0.385580542964152,0.681078101464115
7221,0,0.109496452738392,0.673373144182977
7224,0,0.373185652316221,0.633569505777048
7229,0,0.494159506406153,0.777797514186687
7241,0,0.385729229471929,0.754222343593542
7244,0,0.402829897690289,0.807273518708554
7249,0,0.368854886567489,0.609888495442842,0.903550289670179
7256,0,0.313606703541549,0.618555772058886
7261,0,0.287207714316658,0.703900386890988,0.897126006418980
7269,0,0.560606928556496,0.686001064630778
7276,0,0.317497723672971,0.789482140000906
7289,0,0.317086301558362,0.692231329568780,0.964695177988043
7304,0,0.283350125543455,0.893686419271696
7309,0,0.296811504537371,0.632598492496501,0.902438321550016
7321,0,0.358741386282783,0.669272633388015,0.914395954302565
7324,0,0.220964958235102,0.456861994516418
7329,0,0.352744920488762,0.824797909273992
7336,0,0.224610695295093,0.677539988239387,0.993279662477320
7341,0,0.298486478759702,0.846178785116231
7349,0,0.489702764529479,0.949874136447074
7356,0,0.378977279535969,0.834422296468631
7361,0,0.199585481074099,0.621963197821451
7369,0,0.161261278025509,0.831934834910707,0.862682252561917
7384,0,0.359468683030369,0.801617118406501
7401,0,0.274676855448506,0.778478532378468,0.926619564277419
7404,0,0.398939990931291,0.874094171641659
7409,0,0.456033619530646,0.770035743301179
7421,0,0.229580223702485,0.561181130998144
7429,0,0.252244643118340,0.654432780709200,0.856788444044920
7441,0,0.337539361245964,0.679779611322606
7449,0,0.105586410275324,0.540814606552293
7464,0,0.220070456287492,0.703194977874648,0.972960420826372
7469,0,0.325300175486522,0.689762997902482
7481,0,0.267114800461313,0.848614840619187
7484,0,0.274017703338885,0.761504172254987,0.941224275965544
7489,0,0.355035557761113,0.629681200967257
7496,0,0.344247069264025,0.777103088213090
7501,0,0.306931068379346,0.643425979447614,0.924371285258241
7509,0,0.394334046651855,0.706682144838645
7516,0,0.150287236442873,0.722833310950500
7521,0,0.417395290814914,0.761575189632203,0.966331697953915
7529,0,0.126897435598199,0.670426357118216,0.960544777140655
7541,0,0.202926135969375,0.576177736162552
7544,0,0.438109976428091,0.788411462559010
7549,0,0.248122228951963,0.866588387480239,0.953734964440994
7561,0,0.177686549362492,0.581140874334100,0.829064758929746
7564,0,0.317700017192801,0.575389435683320,0.876809006788418
7576,0,0.444282293737188,0.697260830078634,0.871654020135196
7589,0,0.301405187440763,0.643255345990967
7601,0,0.329410554541514,0.919064252731009
7609,0,0.204829299046180,0.609714552748754
7621,0,0.363927523589729,0.860552241713096
7624,0,0.235108746236171,0.614933409502332,0.931481083171099
7629,0,0.557363274867093,0.714864689502387
7649,0,0.347125216264486,0.701390058237382
7656,0,0.528881840008286,0.707350218882101
7661,0,0.312469250803011,0.846211482344565
7669,0,0.204711152956732,0.655045972823148
7676,0,0.358661919855474,0.584426090709952
7681,0,0.210480513604182,0.593153519564213,0.844993793842965
7689,0,0.237397828955700,0.787606853759435
7701,0,0.167218668993245,0.617600936661387,0.988884394697333
7709,0,0.298716747815130,0.736513944421177,0.985888510517590
7721,0,0.214308366231552,0.703208408202370
7724,0,0.417720638015055,0.881743358654060
7729,0,0.353590088169082,0.512107167039343,0.933190086146040
7736,0,0.217182973981845,0.704661611428327
7741,0,0.470584270681519,0.782557178266745
7756,0,0.267711711431122,0.483237647205807
7761,0,0.320502513376375,0.676252671009736
7769,0,0.493880578745732,0.670169366816071
7781,0,0.311517873301054,0.669872094681659
7784,0,0.224803453562726,0.944221209940096
7789,0,0.409481118624024,0.773492647646648,0.989729145191281
7801,0,0.336415139659082,0.676259996480491,0.962962820364661
7804,0,0.330264627961634,0.713450181918237
7809,0,0.157108089059332,0.657693206947992,0.977487703569581
7816,0,0.136699538808056,0.628114768097587,0.983137790652038
7829,0,0.390907451943820,0.847730590585078
7836,0,0.334564490815420,0.928686565181425
7841,0,0.378008745651359,0.589797711646361,0.948874794432946
7849,0,0.270872968023084,0.593566180753073,0.984634513121504
7861,0,0.360128778300271,0.634928626122451
7864,0,0.441752752382032,0.699907222190857
7869,0,0.303284434086582,0.661689438162052
7881,0,0.328150261969797,0.842682032301994
7896,0,0.339337276606878,0.607336974942281
7901,0,0.420655059985109,0.837566194432903
7909,0,0.264829232496677,0.710675416987324
7916,0,0.481733184653007,0.808130603733972
7941,0,0.220171451333941,0.804241914662396
7944,0,0.556299780654383,0.745735574482610
7949,0,0.355812746359279,0.691415856690044,0.924097659848024
7961,0,0.183920330837011,0.590251040874876
7964,0,0.502686693121632,0.741087738916545
7969,0,0.272789660647836,0.670089159399663,0.976650703733108
7976,0,0.496163996309520,0.716859015716463
7981,0,0.268714516038723,0.585674814629976,0.862741873094828
7989,0,0.338634294279828,0.732334001749693,0.839151760734340
7996,0,0.387229375274672,0.571423398531731,0.886624367398640
8009,0,0.354580960329901,0.591139110245624,0.967078914946698
8021,0,0.407809002369468,0.840452318065663
8024,0,0.375153605929771,0.637940796574259,0.960393981544467
8029,0,0.211078866472424,0.753530126995456,0.870844235671106
8041,0,0.332941130859724,0.705486433657665,0.928589560855063
8044,0,0.269647549096977,0.650039875036549,0.964895094340981
8049,0,0.298714207444630,0.656203263739972
8056,0,0.437915370615513,0.774757050036396,0.918651992483223
8061,0,0.250976674370778,0.712878288968851,0.994894010804941
8069,0,0.271750562974432,1.03326370305803,1.20368860094380,1.35509392141369
8076,0,0.403184653775470,0.760106765507649
8081,0,0.468034977165852,0.715332127698814
8089,0,0.454544433749599,0.644061049415128,0.865115503172741
8101,0,0.197428915825956,0.424219935921615
8104,0,0.278375601882386,0.894658605516597
8121,0,0.315020066824960,0.666364569773273,0.996137583315306
8124,0,0.319240370786013,0.554384843256370,0.916306855134863
8129,0,0.389196095998910,0.494581285545667
8141,0,0.215877623294525,0.779802624924878
8149,0,0.241220977074505,0.471619221705193
8156,0,0.300643108223426,0.604647248040099,0.955832441712253
8161,0,0.350487886463342,0.794521663067675,0.958508541371338
8169,0,0.202434731673612,0.743296422464812,0.995165346589095
8184,0,0.311299855543907,0.636479196273465
8189,0,0.492843325328395,0.857801566875309
8201,0,0.337682756646878,0.689582813309098,0.866983475165703
8204,0,0.411319642751478,0.835903438677624
8209,0,0.264711698775012,0.719840583168246,0.980859788869325
8216,0,0.430544359965398,0.880726662282393
8221,0,0.343815375110245,0.832119175121878
8229,0,0.424832173610733,0.581647809777867,0.873368992551654
8236,0,0.350705019173933,0.486759637670943
8241,0,0.189557872298424,0.714475723875728,0.923816206132301
8249,0,0.258062441714855,0.773601920088857
8261,0,0.341104322052999,0.708409780205455,0.934024787086504
8264,0,0.303944513139517,0.572929325496272
8269,0,0.164556727957711,0.663197424371866,0.857421095129097
8284,0,0.369248829125716,0.867162285961864
8296,0,0.154677396041237,0.700794752147707,0.798176870522889
8301,0,0.369409789163405,0.861312925908022,0.991878704248006
8309,0,0.247142417974892,0.673023853106486
8321,0,0.533862730340669,0.779051193698480
8329,0,0.287296901554017,0.747299644823021
8341,0,0.299968646868700,0.612624313681001,0.915680592752566
8344,0,0.359973590329325,0.634539366098917
8364,0,0.355187273977620,0.764260810014862
8369,0,0.502781296520506,0.593662464252783,0.882124772559751
8376,0,0.368161190279549,0.602262530561619,0.960549648006923
8389,0,0.399046464956568,0.701538589878673
8396,0,0.398235191116805,0.828549354982499
8401,0,0.329912938760142,0.616504361184317,0.837030238173206
8409,0,0.274234537734240,0.624252893869773,0.843600406595477
8421,0,0.349985487207218,0.758537549282629,0.988279663114985
8429,0,0.166659669413919,0.672156514959447
8441,0,0.258613640399881,0.805215214935920
8444,0,0.149816652868813,0.736490807196035
8449,0,0.224393860562486,0.723396961371915,0.906025238874927
8456,0,0.185505898883732,0.787842819251800
8461,0,0.395761381247124,0.774717382517165,0.971829247029411
8476,0,0.359995718233030,0.914174409278391,0.959362575899850
8481,0,0.142593198813432,0.538055936528904,0.859952469921056
8489,0,0.585105707183382,0.764369385168880
8501,0,0.258060486627162,0.989376354122690
8504,0,0.411076066229050,0.626899999416911
8509,0,0.321644100561127,0.488473571022079
8521,0,0.239408438353552,0.602855379407745,0.772619843144653
8524,0,0.370952752356098,0.880097596192324,0.925866038183193
8529,0,0.420927995214083,0.818148730528913,0.883878024875008
8536,0,0.505746754020510,0.665745424286682
8549,0,0.353563391029430,0.603017748821306,0.988518821949312
8556,0,0.261280479181335,0.688938168556343,0.899291377793319
8561,0,0.109072093067405,0.729311719007983,0.984467255132114
8569,0,0.303197016750927,0.581765975453281,0.814011525259894
8581,0,0.459422222027619,0.612515796369473
8584,0,0.336337735813840,0.575751258465654,0.919915192373557
8589,0,0.289746802335482,0.667795903883355
8601,0,0.350728618638989,0.739403480549213
8609,0,0.530105213071233,0.746545584603913
8616,0,0.335090759956191,0.856209870006107
8621,0,0.403475456526399,0.650382855166240,0.903184971348653
8629,0,0.333207191517129,0.846823041360146
8636,0,0.304684092918794,0.945166223964336
8641,0,0.486448969976393,0.659038245767902
8661,0,0.395352750117139,0.718708455618632,0.898758022651155
8669,0,0.422491335808663,0.770326919232134
8681,0,0.395655470616433,0.554958374123200,0.874515840061710
8684,0,0.190188479927567,0.652913658609275
8689,0,0.267469376313335,0.464910996872911
8696,0,0.158342313156215,0.672531830390409
8701,0,0.235015245528230,0.853890820452098,0.892479282710795
8709,0,0.173487469715576,0.585146126525883
8716,0,0.281135774150544,0.586054503964726,0.969044639861273
8729,0,0.151963807324692,0.734371318644669
8741,0,0.524721970614567,0.717517975880191
8744,0,0.267565014128500,0.644745031655459,0.928673104571122
8749,0,0.310288154652199,0.800669473655272,0.962187618421047
8761,0,0.207368972510802,0.559592441111867
8764,0,0.250906276884295,0.698839283643983,0.909189159517036
8769,0,0.429723286173683,0.714362846805262
8776,0,0.462823201462618,0.726584319751039,0.997859910618312
8781,0,0.323932649342804,0.781768426861739
8789,0,0.300690633034326,0.528723139458104
8796,0,0.372537754941204,0.667383674824139,0.817723581097298
8801,0,0.312284015830472,0.581460331248915,0.907265653322109
8809,0,0.291777881617207,0.780549528861371,0.992471271332672
8821,0,0.159399588522749,0.520524512287316,0.984958067028066
8824,0,0.202715674314040,0.702521341828934,0.908619417691667
8841,0,0.238210325504963,0.682649394771903,0.968404773871981
8844,0,0.223146572388083,0.828686008578328
8849,0,0.279312102995777,0.640335141789205,0.910797987980955
8861,0,0.414055779162071,0.780592982799470
8876,0,0.343965167426652,0.826283296539888
8881,0,0.457946306845440,0.696998519255243,0.998746986803549
8889,0,0.295989719608736,0.814630600755866
8904,0,0.383285555531841,0.718229206465278,0.949903747196008
8909,0,0.245860285678233,0.954597745196956
8921,0,0.495837929926666,0.741969279793996
8924,0,0.456040168349593,0.785873626612848
8929,0,0.263919546629770,0.460220464515123
8936,0,0.240632760501184,0.592175588436983
8941,0,0.0973366125433837,0.493822405962208
8949,0,0.641562673549997,0.771943736996452,0.875487277019293
8956,0,0.483128569765118,0.682828621591704,0.983457683259148
8961,0,0.241781630076247,0.642543818751855,0.975679246431957
8969,0,0.200993337006167,0.731094336492570,0.874889814177879
8981,0,0.297602395445461,0.781575634471384
8984,0,0.344610656401411,0.835083028458677
8989,0,0.249429264990469,0.667142349024511,0.914356362885613
9001,0,0.280199707708732,0.673642675301256
9004,0,0.169442054241154,0.604972314125661,0.832069566933851
9021,0,0.489303990781272,0.847944852153493
9029,0,0.418362052996101,0.803506318424088
9041,0,0.347169110218468,0.652174379180346,0.788224733841413
9049,0,0.406802173687875,0.625388812557334,0.915861737819557
9061,0,0.253644544084348,0.704927508474723
9064,0,0.345130833795334,0.798965565783856,0.986306484199145
9069,0,0.301283447893503,0.557775082619650
9084,0,0.336139952201784,0.892814842500554
9089,0,0.475307244770227,0.636291130653344
9096,0,0.529314702843440,0.683947257649885
9101,0,0.168651787952050,0.673863715779481
9109,0,0.204831082404275,0.618507602499811
9116,0,0.363284874823366,0.590088225676830
9121,0,0.264726127203952,0.432999855833912
9129,0,0.212420096771420,0.469809399614753
9141,0,0.494120278699208,0.661158143916000
9149,0,0.199379138629369,0.883265867244418
9161,0,0.471501802566231,0.742790690780688
9164,0,0.413535576118332,0.663194793060860,0.842028134658629
9169,0,0.256629035581065,0.775836321713552
9176,0,0.353477482686543,0.835451178454255
9181,0,0.233263979827889,0.612947928858518,0.842532211124535
9201,0,0.392491133369616,0.638898718044518
9209,0,0.178382063213566,0.730763821128069,0.921298300939148
9221,0,0.178826106218088,0.618617519934205
9224,0,0.452576236480088,0.827079669241345
9229,0,0.458347689639325,0.648020796956985
