8,0.541049543357337,2.42109502305476,3.17351561311019
12,0.836532877310561,1.52883793621111,2.79287308311560
13,0.556974381100174,1.72567156514610,2.99236356986829
17,0.562395328386092,1.59230113230370,2.07721967156589
28,0.147468459345443,1.14546383302966,2.09372993075108
33,0.529775294932938,1.05271075597336,1.92034434686510
37,0.412952678901439,0.854684350402405,2.49576554954590
53,0.00829271613074040,1.26633100212486,2.39587111424561
57,0.197000022594525,0.812414346963676,1.58992528621456
73,0.359191347195604,1.02719571817441,1.19868762000981
77,0.381102207297360,1.12255110794378,2.23318391569116,2.47912434387728
88,0.0335555149538903,0.890397830468163,1.31065515638318
92,0.356311346810805,0.845126463729405,1.81825667146169
93,0.0211447661969631,0.825431158156724,2.00108861284744
97,0.0631275092816500,0.972614348175766,1.37475276243208
113,0.0266993159171183,0.961416426622951,1.29307220966325
133,0.331358968302546,0.799425367847400,1.47306143035249
137,0.153068988862605,0.684477878427012,1.43676610063246
152,0.316165187820640,1.06289216902782,1.70402242762741
157,0.292084572327706,0.881241519106555,1.48749413916814
168,0.216036181439931,0.857820107107493,1.44232794118138
172,0.0146782530517301,0.769078854286080,1.09019085321888
173,0.369673075135030,1.18627228021945,1.55696343232578
177,0.0634449211056881,0.794697791743869,1.06577915810406
188,0.0823375191353859,1.07784321976234,1.56432052481648
193,0.169250930403128,0.621082251571697,1.04104041489621
197,0.0400997428707571,0.775600048562263,1.69503631743537
213,0.237736994045426,0.958251119843997,1.54595905599576
217,0.228882046709167,0.705397126714841,1.13166466686628
232,0.266291070671794,0.666202332600603,1.00499278125489
233,0.200247608025856,0.697792755224577,1.20203874415891
237,0.0390875909221119,1.01371580131752,1.49424628377816
248,0.266924497440245,1.07415465062964,1.42751567955312
253,0.0928180670256953,0.496360768213481,1.27929782779375
257,0.0887352247629997,1.06365906653724,1.22752111034980
268,0.115009703152369,0.562597742954579,1.12743334068457
273,0.0172188244056087,0.708693482019065,1.20472618942788
277,0.271749566657021,0.658249660335101,1.07509788154305
293,0.124402187662322,1.01204225642150,1.61481868692176,1.97250009652900
312,0.260995474779808,0.669816049668764,1.19218439133735
313,0.372154775096873,0.812244480215140,0.960698539014767
317,0.121720742281611,0.708390646692080,1.49029433042262
328,0.0775304304631116,0.866668474951267,1.24886589470900
332,0.156700351067115,0.982653555224069,1.31204212596416
337,0.131305888590825,0.747553633053066,0.920012407945343
348,0.225342999199469,0.960421523584437,1.18223561384996
353,0.0462161751503164,0.831608479808543,1.35374352269637
357,0.0332115662310910,0.757229930867514,1.40823577745794
373,0.255389948245205,0.646611793803759,0.983300575866180
377,0.321403305901930,0.771069845649315,1.33122139074418
393,0.0139223256448157,0.686678732790600,1.01670638266116
397,0.0610172124130568,0.753258081228080,1.31732682485644
408,0.201666605531948,0.497452323248828,1.26052781620594
412,0.372618041364863,0.678138058365121,1.20040043220048
413,0.225122111491938,0.801596008657147,1.45385793487461
417,0.0129882006020523,0.608597299860461,1.14214866817778,1.44579739666596
428,0.186225552108131,0.723025837644547,1.19275673643519
433,0.261424756363945,0.782180644721192,1.10039372198329,1.38533005703463
437,0.112798174570789,1.07975775498976,1.28797035728237
453,0.298384115818030,0.860901282976176,1.23324821468467
457,0.0613732019133159,0.397329969817529,0.997744770971778
472,0.269374309399503,0.785772654486315,1.06847157584175
473,0.00869493722329045,0.440365798917085,1.26076500775747
488,0.228150314936717,0.933854023665685,1.29589864472625
492,0.145476625934481,0.560848195097990,1.10199411210235
493,0.119597047337288,0.854011948784440,1.22194033191126
497,0.109613603937429,0.673268416131006,1.27876800441021
508,0.00304376363049132,0.684853213516154,0.982964903485292
517,0.193041490663809,0.803237390177816,1.16246592641886
533,0.0725318068227125,0.698767356001863,1.22381626803954
537,0.283154290944382,0.767179355402480,1.13272032748403
552,0.0479347915027504,0.705127434134521,1.39618075634924
553,0.246516502802101,0.633585521986544,0.942171081310829
557,0.0614345829706331,0.527181700377475,1.32905903295071
568,0.0651471244595695,0.482393737134061,1.10793810034596,1.46217057117559
572,0.120092175726001,0.938216753997849,1.42715644290751
573,0.332925890440200,0.911241213594673,1.17198750360319
577,0.112514235288343,0.708604705841565,0.939082417760209
593,0.271075406314918,0.595038604060649,1.36659083523895
597,0.175590828961306,0.783406671013286,0.920090198270895
613,0.286998587391255,0.498728643666499,0.873323699903483
617,0.204593425053800,0.594486168569311,0.942631018139649
632,0.0786053675156534,0.598544597472296,1.15865902141445
633,0.120052071629095,0.829095224709380,1.07698652985151,1.47413038861488
652,0.152590297274152,0.450633438372274,1.07435217464268,1.38376640180621
653,0.132428301388162,0.546605358810076,1.40440145439422
668,0.383711441045928,0.788885087891705,1.21894945387294
673,0.0575637771649408,0.682545691515558,0.850218519174055
677,0.542946768998617,0.790955257809895,1.20235815334476
697,0.161326250072052,0.541898829737610,0.887718217418867
712,0.193869455202735,0.667719482583029,1.12720640257422
713,0.270687227011838,0.792322591063649,1.06181266937683
717,0.0208670502833824,0.886376599664822,1.30032436238803
728,0.0524510458450260,0.905257192419334,1.01018063010190
732,0.0350427380983791,0.465992786122772,1.27964181012906,1.43149994035012
733,0.122121117389379,0.628005162038960,1.19610958053648
737,0.342047865503808,0.643654268783114,0.939168966783698
748,0.0356654673124853,0.720957583596136,1.03130259185204
753,0.171807236472256,0.552095330740543,0.966007473060401
757,0.0359189835296518,0.600509870973459,0.872579036295169
773,0.302424794967108,0.815275720460076,1.25599959819373
777,0.233672538398390,0.649378822163898,0.984649553781106
793,0.326135393614567,0.437448239634073,0.954929962090121
797,0.311191731688486,0.893563700687589,1.19016661612801
808,0.173081121512600,0.615421856996636,1.19724584252319,1.43730298730693
812,0.120176480718292,0.686993147080412,1.19533287320280
813,0.0903015929030201,0.648199176912758,0.998997865984803
817,0.177837201583241,0.702394446499317,0.982131631363826
853,0.299066753212008,0.615644986090673,1.10040892844664
857,0.0996998130452088,0.939453145764406,1.03812369125553,1.48275843967755
872,0.0431258613364872,0.601804011391256,1.11897723502873
877,0.0355397638080416,0.441484058019400,1.11525505753535,1.38655249131852
888,0.0756470496128766,0.810183356914736,1.19545637146449
892,0.145504158583618,0.787459260287948,1.05496683641155,1.32177103846988
893,0.0484926003448104,0.588310578178669,1.14133497408674
897,0.0361880177376370,0.492143037700178,1.08620823780103,1.21027404125028
908,0.0479242828433558,0.810278301304828,1.31657100243199
913,0.146317960412385,0.648735900480974,1.05697923389330,1.33083865431679
917,0.242895208112026,0.444887761983849,1.45619270411741
933,0.274451292726882,0.597766789418306,0.998881917587822
937,0.0431416371082124,0.544488811213884,1.08643233207502,1.43700224043839
952,0.122011033848350,0.811347750672992,0.877695248362238
953,0.0708030124487041,0.685663236397941,0.888024066562728
957,0.286810260849054,0.634844535895702,1.29975674050005
973,0.0561446927756702,0.637317344218979,0.885835888127833
977,0.130237279795610,0.565338320841403,0.857460704965395
988,0.103861821357395,0.631626586644302,0.877465608411399
993,0.295946399473594,0.552334108283961,1.12421832982798,1.49208142573728
997,0.211062582258953,0.692505832332690,1.06657591388323
1013,0.196892953492337,0.852825586461253,1.25478369317363
1032,0.334684665484929,0.637593868558748,1.13185843193278
1033,0.144175632054501,0.543519697872579,0.700979712419692
1037,0.150218094028759,0.642507470718485,0.987808544150843
1048,0.204331414480851,0.801270097014537,0.927239174021663
1052,0.140499252945552,0.599355371705791,1.00205467634942
1057,0.313165092909669,0.602851525953532,0.919590229332247
1068,0.0846750722907986,0.492696013574945,1.02865730683806,1.44427276875429
1073,0.107171271501136,0.383574455260826,0.983505974348420
1077,0.211143354805277,0.840470280500518,1.07748294103546
1093,0.0719416355271209,0.485857845291434,1.04643992392570,1.36968308424020
1097,0.0234993954313110,0.752911611059579,1.09803038127998
1112,0.455295727165265,0.686938095139590,1.18947946206562
1113,0,0,0.564954011256567,0.913238635363761
1117,0.0291981612719397,0.591048159576121,0.998357342691684
1128,0.0861057068960245,0.577510895729732,1.06956240886317,1.33471190884482
1132,0.0226789045277136,0.725890688584116,0.978752307357758
1133,0.0260403064170831,0.894508401113428,1.23415247876107
1137,0.0792841318949754,0.636006741764117,1.05394610741623,1.45643614154770
1148,0.352829216403540,0.720862041133057,0.949782663730832
1153,0.123225192875018,0.664881382402128,1.09935153535438,1.32549630545946
1157,0.282641348203566,0.453036727271867,1.05148208907559
1173,0.266832406844502,0.648502959087002,0.917715668527456
1177,0.116483646704970,0.439501566191569,0.811998067584327
1192,0.142529188104473,0.435334146045226,0.951643875290958
1193,0.388291398446866,0.772947748947068,0.999668047321999
1208,0.340120606542584,0.385031051255648,1.07300725348395
1212,0.272364138267887,0.618050454189846,1.01892812690309,1.25288789132436
1213,0.204444398889918,0.428033615746835,0.902077288609857
1217,0.176494669235440,0.584298922208141,1.18601111866031
1228,0.159529738745324,0.581839072286428,1.13491987493831,1.44953088945173
1237,0.300284259456561,0.622103371534865,1.05244851465063,1.43320317647160
1253,0.236536523248136,0.657677234604764,1.12319934291940
1257,0.321155946766489,0.444639358938669,0.975643499792700
1272,0.0815256884775437,0.770487081890394,1.13020513255290,1.41840848649655
1273,0.151086396411910,0.566545699041016,1.06771627021658,1.32372210080080
1277,0.0244537105690128,0.769985610015309,1.25766832988184
1288,0.0627767390598569,0.661622378962572,0.942947389652076
1292,0.122336768057292,0.623144021315445,0.971585651254615
1293,0.347326450185632,0.620874148495337,1.07647525014073
1297,0.159420179904565,0.571343238475861,0.790157322204852
1308,0.282462313182932,0.775659830322301,0.905758982128882
1313,0.0105796170355182,0.537159791286928,1.09023895378026,1.21134559505137
1317,0.00605531622546738,0.536685473894016,1.05614032390345,1.42736951657777
1333,0.181260447308474,0.650218882105279,1.09251844540201,1.44578311209482
1337,0.106924183921443,0.545189447682462,1.04757486023149,1.47915537108239
1353,0.0853316345932442,0.572019655127532,0.943460360328775
1357,0.197057841906432,0.790404935991193,0.982934308423626
1373,0.0195471258942105,0.622518188622724,0.901534650662764
1388,0.0875613750561752,0.480044744259206,1.21547430286097,1.34746061147290
1393,0.199753577031297,0.404304048308246,0.883516628667446
1397,0.119173101124254,0.647713735724915,0.908623490295912
1417,0.00160091954809990,0.593081903709427,1.04442812447692,1.26674112249836
1432,0.297935695530297,0.441768161285915,0.746900699509969
1433,0.115547050006514,0.753185402672380,1.21518204396237,1.33673927330257
1437,0.0781740297231860,0.460713207079147,1.05912352428753,1.43832892162469
1448,0.0906386576061201,0.730882839803005,1.25269558251758,1.43677073037088
1453,0.176661339104826,0.525646256013895,0.905105710949160
1457,0.248815905083633,0.636013691447154,0.767473733109814
1468,0.343947308682137,0.607579029621676,1.03939827213538,1.33290931802953
1473,0.123193561187656,0.636673158832691,1.12675989619659,1.43909970147407
1477,0.0561169727493206,0.595991382269034,0.911862759579985
1493,0.0489727241517630,0.498369289569768,1.01320260656054
1497,0.300173918963696,0.537267596607567,1.10948274208097,1.32632692733206
1513,0.191713091068416,0.356634829019563,0.896220664130111
1517,0.138151352469625,0.753492173986447,1.20161365841545
1528,0.0805556956079322,0.369533167289192,0.884908730394853
1532,0.156595626702212,0.707975968565394,1.20580305501742,1.47897434732169
1533,0.00872696015002392,0.722042370209549,1.03699580729963,1.48970297383470
1537,0.00761303672545417,0.593376247810328,0.662339967977505
1553,0.190864530711716,0.843853535765922,0.920967073441358
1577,0.318598494323666,0.507186475204667,0.841965939198008
1592,0.343540288578151,0.718435666637177,1.15179046054539,1.40276272471744
1597,0.0512303696386007,0.300517356090726,0.922225163474455
1608,0.107066940122941,0.830487532340839,1.12257218306389,1.32079868361041
1612,0.0941617031238008,0.538710858193726,0.796216674488888
1613,0.0699397919152325,0.723715543148175,1.24011325888187
1628,0.149987728463254,0.571635004475438,0.916497389028487
1633,0.139146288747682,0.350154821943351,0.887557218078383
1637,0.347853718644294,0.770947388997714,1.07338904126057
1653,0.0698838958063212,0.535789165559608,0.847457447518743
1657,0.136766879178330,0.449485956495364,0.963413926616314
1672,0.252087097642726,0.631827393892416,1.04739042678471,1.24593245799098
1673,0.125798350502841,0.589370615298125,1.03108077883833,1.41520157511369
1677,0.126924264212704,0.529224239321439,0.967155443016860
1688,0.00797962503036531,0.403108128590369,1.07914514755552,1.46680781780478
1693,0.0458729858758973,0.743668892720727,1.08421303460430,1.26663387027389
1697,0.0694788081834757,0.849875948785457,0.958981247037422
1708,0.198953810886818,0.566184712713995,0.840844071247822
1713,0.187927341540835,0.663377289192260,1.02799766006511,1.35300280749543
1717,0.119472979375347,0.431132386486128,0.881640906064511
1733,0.0460264313450651,0.398379767639831,1.07736825354452
1752,0.0324737476837596,0.609388477795375,0.836821347979515
1753,0.248541793241237,0.506450224677526,0.944803304675237
1757,0.0395968464773473,0.610710755282669,1.11791433420707
1768,0.211170853703665,0.492087890503583,0.743106767920236
1772,0.151171558990234,0.496554687122353,1.02505033706455,1.38721220067599
1777,0.0342398054402883,0.595974057880008,1.00160233698076,1.26838714144550
1788,0.307141802895753,0.742503283910842,0.984586525523032
1793,0.0853437499486254,0.361190644768546,1.02562519459138,1.29986777409078
1797,0.275675485643292,0.676455935040281,1.22256643752946,1.31546832507231
1817,0.0796505803054185,0.486632090794372,0.889199826732293
1832,0.181798551186566,0.788748514553121,1.13789488422966,1.35719549150707
1833,0.0224699655858330,0.627043994161484,1.04349447041907,1.34848981219097
1837,0.157434499062914,0.722067971396737,0.927697407119019
