8,0.541049543357337,2.42109502305476,3.17351561311019
12,0.836532877310561,1.52883793621111,2.79287308311560
13,0.556974381100174,1.72567156514610,2.99236356986829
17,0.562395328386092,1.59230113230370,2.07721967156589
21,0,1.08370155373427,2.28880720245145
24,0,1.16439730412806,1.77366133733151
28,0.147468459345443,1.14546383302966,2.09372993075108
29,0,0.984977208326658,2.28064940266505
33,0.529775294932938,1.05271075597336,1.92034434686510
37,0.412952678901439,0.854684350402405,2.49576554954590
41,0,1.04595586869814,1.47814179991934
44,0,0.708531987404621,1.78955268020491
53,0.00829271613074040,1.26633100212486,2.39587111424561
56,0,0.905585060355816,1.64485321628060
57,0.197000022594525,0.812414346963676,1.58992528621456
61,0,0.911951435051615,1.37695299029506
69,0,0.976868697561922,1.56121884087571
73,0.359191347195604,1.02719571817441,1.19868762000981
76,0,0.716516905744005,1.32467401629099
77,0.381102207297360,1.12255110794378,2.23318391569116,2.47912434387728
88,0.0335555149538903,0.890397830468163,1.31065515638318
89,0,0.790278503643131,1.46796800925398
92,0.356311346810805,0.845126463729405,1.81825667146169
93,0.0211447661969631,0.825431158156724,2.00108861284744
97,0.0631275092816500,0.972614348175766,1.37475276243208
101,0,0.887984622321341,1.68863555091263
104,0,0.903733185395207,1.41497647128875
109,0,0.435835149659153,1.17832539059250
113,0.0266993159171183,0.961416426622951,1.29307220966325
124,0,0.874776783988222,1.04804613034544
129,0,0.819871063492865,1.12817322090096
133,0.331358968302546,0.799425367847400,1.47306143035249
136,0,0.721163299962926,1.17162611316702
137,0.153068988862605,0.684477878427012,1.43676610063246
141,0,0.656065511494683,1.10727376185870
149,0,0.336846709254568,1.55984333491407
152,0.316165187820640,1.06289216902782,1.70402242762741
156,0,0.589194799524758,1.04002614087021
157,0.292084572327706,0.881241519106555,1.48749413916814
161,0,0.584379089330869,1.08983008720949
168,0.216036181439931,0.857820107107493,1.44232794118138
172,0.0146782530517301,0.769078854286080,1.09019085321888
173,0.369673075135030,1.18627228021945,1.55696343232578
177,0.0634449211056881,0.794697791743869,1.06577915810406
181,0,0.715597157482966,1.23383180331090
184,0,0.522034021968257,0.961729327870048
188,0.0823375191353859,1.07784321976234,1.56432052481648
193,0.169250930403128,0.621082251571697,1.04104041489621
197,0.0400997428707571,0.775600048562263,1.69503631743537
201,0,0.743671639515716,1.04503501313900
204,0,0.555926521518258,1.03158606109760
209,0,0.834695768434706,1.10354295135189
213,0.237736994045426,0.958251119843997,1.54595905599576
217,0.228882046709167,0.705397126714841,1.13166466686628
221,0,0.527985726129172,1.21797814049340
229,0,0.603196406236546,1.09658359251379
232,0.266291070671794,0.666202332600603,1.00499278125489
233,0.200247608025856,0.697792755224577,1.20203874415891
236,0,0.677151824066519,1.36726739564708
237,0.0390875909221119,1.01371580131752,1.49424628377816
241,0,0.574422183822829,1.05364465332524,1.43278915429649
248,0.266924497440245,1.07415465062964,1.42751567955312
249,0,0.497041559911391,0.889950514836546
253,0.0928180670256953,0.496360768213481,1.27929782779375
257,0.0887352247629997,1.06365906653724,1.22752111034980
264,0,0.594007546991763,1.32972998804462
268,0.115009703152369,0.562597742954579,1.12743334068457
269,0,0.849402555931051,1.32551666193494
273,0.0172188244056087,0.708693482019065,1.20472618942788
277,0.271749566657021,0.658249660335101,1.07509788154305
281,0,0.278066030401697,1.01213099057356
284,0,0.440858418790756,1.15717636080528
293,0.124402187662322,1.01204225642150,1.61481868692176,1.97250009652900
296,0,0.438693920674324,1.15741181267813
301,0,0.365387651432477,1.17360505675752
309,0,0.512681928424405,1.00029441198597
312,0.260995474779808,0.669816049668764,1.19218439133735
313,0.372154775096873,0.812244480215140,0.960698539014767
316,0,0.541833421744302,0.845827382975728
317,0.121720742281611,0.708390646692080,1.49029433042262
321,0,0.632256674159351,1.07179188957983,1.41670275560315
328,0.0775304304631116,0.866668474951267,1.24886589470900
329,0,0.581383598421458,0.994366802914173
332,0.156700351067115,0.982653555224069,1.31204212596416
337,0.131305888590825,0.747553633053066,0.920012407945343
341,0,0.654472850581194,1.39688456397247
344,0,0.606746837479927,0.870526495352871
348,0.225342999199469,0.960421523584437,1.18223561384996
349,0,0.544951199548166,1.02367297766798
353,0.0462161751503164,0.831608479808543,1.35374352269637
357,0.0332115662310910,0.757229930867514,1.40823577745794
364,0,0.555612385298744,1.01046774078615,1.30113838315807
373,0.255389948245205,0.646611793803759,0.983300575866180
376,0,0.539906590872106,1.15223581761740,1.36491637094600
377,0.321403305901930,0.771069845649315,1.33122139074418
381,0,0.634158865542120,1.18259473225382
389,0,0.438426824711519,1.08599656140203
393,0.0139223256448157,0.686678732790600,1.01670638266116
397,0.0610172124130568,0.753258081228080,1.31732682485644
401,0,0.384463578622847,1.02848854329245,1.34459098705215
408,0.201666605531948,0.497452323248828,1.26052781620594
409,0,0.702954279010855,0.895175977972679
412,0.372618041364863,0.678138058365121,1.20040043220048
413,0.225122111491938,0.801596008657147,1.45385793487461
417,0.0129882006020523,0.608597299860461,1.14214866817778,1.44579739666596
421,0,0.396337460835765,0.819404644081284
424,0,0.345851646500418,0.801359833628879
428,0.186225552108131,0.723025837644547,1.19275673643519
429,0,0.450012827406316,0.863412467605303
433,0.261424756363945,0.782180644721192,1.10039372198329,1.38533005703463
437,0.112798174570789,1.07975775498976,1.28797035728237
444,0,0.552399050935549,1.03084359889777
449,0,0.567202089966062,0.807740307119358
453,0.298384115818030,0.860901282976176,1.23324821468467
456,0,0.601983258115129,0.936037713991140
457,0.0613732019133159,0.397329969817529,0.997744770971778
461,0,0.537040663579681,1.34377163111641
469,0,0.600665281861881,0.920132406793453
472,0.269374309399503,0.785772654486315,1.06847157584175
473,0.00869493722329045,0.440365798917085,1.26076500775747
476,0,0.523713889234989,1.06867074139195
481,0,0.403757325920760,1.03631814132772,1.33180189749204
488,0.228150314936717,0.933854023665685,1.29589864472625
489,0,0.541314163131901,1.01958859752147,1.40273227940799
492,0.145476625934481,0.560848195097990,1.10199411210235
493,0.119597047337288,0.854011948784440,1.22194033191126
497,0.109613603937429,0.673268416131006,1.27876800441021
501,0,0.441700520458380,0.828977955890121
508,0.00304376363049132,0.684853213516154,0.982964903485292
509,0,0.655333892651098,1.17245905819306
517,0.193041490663809,0.803237390177816,1.16246592641886
521,0,0.607525867816916,1.11337929636788,1.44745515963351
524,0,0.718107848312235,1.07101505019931
533,0.0725318068227125,0.698767356001863,1.22381626803954
536,0,0.213542930816862,1.10539769673401,1.48505982666757
537,0.283154290944382,0.767179355402480,1.13272032748403
541,0,0.340232452030438,0.802095649649288
552,0.0479347915027504,0.705127434134521,1.39618075634924
553,0.246516502802101,0.633585521986544,0.942171081310829
556,0,0.617950048424339,0.989231355970975
557,0.0614345829706331,0.527181700377475,1.32905903295071
561,0,0.475973800413270,0.871308726743627
568,0.0651471244595695,0.482393737134061,1.10793810034596,1.46217057117559
569,0,0.443207061955881,0.970575671334096
572,0.120092175726001,0.938216753997849,1.42715644290751
573,0.332925890440200,0.911241213594673,1.17198750360319
577,0.112514235288343,0.708604705841565,0.939082417760209
581,0,0.546095115281088,1.08258245483389
584,0,0.793314010230427,1.03702794662991,1.49126435106363
589,0,0.409428682644114,0.802588737586928
593,0.271075406314918,0.595038604060649,1.36659083523895
597,0.175590828961306,0.783406671013286,0.920090198270895
601,0,0.595618847725776,1.01208011290821,1.17711623404508
604,0,0.476354072013823,0.790432414031849
609,0,0.351997461632621,0.896841964193448
613,0.286998587391255,0.498728643666499,0.873323699903483
616,0,0.449883691491636,0.877778473992947
617,0.204593425053800,0.594486168569311,0.942631018139649
629,0,0.523598543135734,1.31397801201743
632,0.0786053675156534,0.598544597472296,1.15865902141445
633,0.120052071629095,0.829095224709380,1.07698652985151,1.47413038861488
636,0,0.636234410152830,1.05221902605781,1.41662732615139
641,0,0.529365545114517,0.930442582071417
649,0,0.540346152117638,0.937203679853624
652,0.152590297274152,0.450633438372274,1.07435217464268,1.38376640180621
653,0.132428301388162,0.546605358810076,1.40440145439422
661,0,0.288536830104266,1.20080444307628,1.38711578685132
664,0,0.676922739401642,0.937180319566306
668,0.383711441045928,0.788885087891705,1.21894945387294
669,0,0.312338560353624,0.923822069247692
673,0.0575637771649408,0.682545691515558,0.850218519174055
677,0.542946768998617,0.790955257809895,1.20235815334476
681,0,0.338191062364199,0.818105015077289
689,0,0.431418048866276,1.06879898612725,1.44431242822509
696,0,0.609382831672257,1.04398386604544,1.35227573103098
697,0.161326250072052,0.541898829737610,0.887718217418867
701,0,0.497166143702937,0.788499555493189
709,0,0.363553931088222,0.697825756664324
712,0.193869455202735,0.667719482583029,1.12720640257422
713,0.270687227011838,0.792322591063649,1.06181266937683
716,0,0.530658591466669,0.879872590002100
717,0.0208670502833824,0.886376599664822,1.30032436238803
721,0,0.378620963465429,0.855586543823439
728,0.0524510458450260,0.905257192419334,1.01018063010190
732,0.0350427380983791,0.465992786122772,1.27964181012906,1.43149994035012
733,0.122121117389379,0.628005162038960,1.19610958053648
737,0.342047865503808,0.643654268783114,0.939168966783698
741,0,0.449407929728946,1.21217926591312
744,0,0.414832296890107,0.942913757227486
748,0.0356654673124853,0.720957583596136,1.03130259185204
749,0,0.390616751648267,1.07740355392277
753,0.171807236472256,0.552095330740543,0.966007473060401
757,0.0359189835296518,0.600509870973459,0.872579036295169
761,0,0.536742627442795,0.944967621852301
764,0,0.336925673555876,0.957217470278861
769,0,0.540180308974036,0.686021775377971
773,0.302424794967108,0.815275720460076,1.25599959819373
776,0,0.533924055748676,1.15925323355505
777,0.233672538398390,0.649378822163898,0.984649553781106
781,0,0.515971592736512,0.847321070230587
789,0,0.591032005475907,1.09014194686235,1.49270127036083
793,0.326135393614567,0.437448239634073,0.954929962090121
796,0,0.548344583612560,0.939239618570160
797,0.311191731688486,0.893563700687589,1.19016661612801
808,0.173081121512600,0.615421856996636,1.19724584252319,1.43730298730693
809,0,0.289122334884014,0.914099281247030
812,0.120176480718292,0.686993147080412,1.19533287320280
813,0.0903015929030201,0.648199176912758,0.998997865984803
817,0.177837201583241,0.702394446499317,0.982131631363826
821,0,0.569469695294628,0.734412727892624
824,0,0.592225056358860,0.952267549636161
829,0,0.641122949418563,0.971033465894822
844,0,0.357522092763632,0.817398635318550
849,0,0.343648583559463,0.811688868266072
853,0.299066753212008,0.615644986090673,1.10040892844664
856,0,0.461045167177834,0.840515749207940,0.960381541708879
857,0.0996998130452088,0.939453145764406,1.03812369125553,1.48275843967755
861,0,0.586994042162714,0.815659376690387
869,0,0.215487301512776,1.02713235900368,1.45170566711203
872,0.0431258613364872,0.601804011391256,1.11897723502873
876,0,0.264284306358006,0.886344453453033
877,0.0355397638080416,0.441484058019400,1.11525505753535,1.38655249131852
881,0,0.639995525932611,0.987817591825634
888,0.0756470496128766,0.810183356914736,1.19545637146449
889,0,0.513073134522994,0.795050078635966
892,0.145504158583618,0.787459260287948,1.05496683641155,1.32177103846988
893,0.0484926003448104,0.588310578178669,1.14133497408674
897,0.0361880177376370,0.492143037700178,1.08620823780103,1.21027404125028
901,0,0.474715236483299,1.03354377439945,1.39069800492124
904,0,0.157173753268710,0.881463554924555
908,0.0479242828433558,0.810278301304828,1.31657100243199
913,0.146317960412385,0.648735900480974,1.05697923389330,1.33083865431679
917,0.242895208112026,0.444887761983849,1.45619270411741
921,0,0.439979054100398,0.651439557862930
924,0,0.531102744016720,0.945755556306781
929,0,0.624554401228653,0.859870270879656
933,0.274451292726882,0.597766789418306,0.998881917587822
937,0.0431416371082124,0.544488811213884,1.08643233207502,1.43700224043839
941,0,0.709287235180484,0.937272328385682
949,0,0.269491556556871,0.932304019961385
952,0.122011033848350,0.811347750672992,0.877695248362238
953,0.0708030124487041,0.685663236397941,0.888024066562728
956,0,0.237845712996453,0.861183059963726
957,0.286810260849054,0.634844535895702,1.29975674050005
969,0,0.368396358456974,1.02479288797485,1.42130744575953,1.46879861022590
973,0.0561446927756702,0.637317344218979,0.885835888127833
977,0.130237279795610,0.565338320841403,0.857460704965395
984,0,0.479619981792452,0.795588240841523
988,0.103861821357395,0.631626586644302,0.877465608411399
989,0,0.399914876338777,0.902000938627711
993,0.295946399473594,0.552334108283961,1.12421832982798,1.49208142573728
997,0.211062582258953,0.692505832332690,1.06657591388323
1001,0,0.252339769061760,1.04287108716026,1.30729566420416
1004,0,0.528806486831978,1.18773018612863,1.28804518279649
1009,0,0.535533059662253,0.729926040957318,0.911674115418185
1013,0.196892953492337,0.852825586461253,1.25478369317363
1016,0,0.172202285523955,1.00085215792165,1.27143841143033
1021,0,0.524588919267486,0.947377346408575
1032,0.334684665484929,0.637593868558748,1.13185843193278
1033,0.144175632054501,0.543519697872579,0.700979712419692
1036,0,0.352556682305545,1.03962129926826,1.07889258484020
1037,0.150218094028759,0.642507470718485,0.987808544150843
1041,0,0.494346353074134,0.946331962375801
1048,0.204331414480851,0.801270097014537,0.927239174021663
1049,0,0.339466869373614,1.21339732757954,1.33903295019394
1052,0.140499252945552,0.599355371705791,1.00205467634942
1057,0.313165092909669,0.602851525953532,0.919590229332247
1061,0,0.250339290553077,1.00173577930785,1.35913600690694
1064,0,0.514819030559577,0.890584872446887
1068,0.0846750722907986,0.492696013574945,1.02865730683806,1.44427276875429
1069,0,0.366976663194892,1.05779951493017,1.26785658159868
1073,0.107171271501136,0.383574455260826,0.983505974348420
1077,0.211143354805277,0.840470280500518,1.07748294103546
1081,0,0.401753790694104,0.903964063177502
1084,0,0.462840993147442,0.876363335374531
1093,0.0719416355271209,0.485857845291434,1.04643992392570,1.36968308424020
1096,0,0.353084726358835,0.735707419679788
1097,0.0234993954313110,0.752911611059579,1.09803038127998
1101,0,0.391542933529962,0.826651889042161
1109,0,0.638189912890817,0.927756112139320
1112,0.455295727165265,0.686938095139590,1.18947946206562
1113,0,0,0.564954011256567,0.913238635363761
1117,0.0291981612719397,0.591048159576121,0.998357342691684
1121,0,0.346909441095459,0.771076056054657
1128,0.0861057068960245,0.577510895729732,1.06956240886317,1.33471190884482
1129,0,0.315101101937951,0.711515355971352
1132,0.0226789045277136,0.725890688584116,0.978752307357758
1133,0.0260403064170831,0.894508401113428,1.23415247876107
1137,0.0792841318949754,0.636006741764117,1.05394610741623,1.45643614154770
1141,0,0.347427867943049,0.775672637454126
1144,0,0.534118530134353,0.852683520183665
1148,0.352829216403540,0.720862041133057,0.949782663730832
1149,0,0.329237054823645,0.758979056683336
1153,0.123225192875018,0.664881382402128,1.09935153535438,1.32549630545946
1157,0.282641348203566,0.453036727271867,1.05148208907559
1164,0,0.153423982225262,0.938083569015041
1169,0,0.533861134617078,0.837349548656451
1173,0.266832406844502,0.648502959087002,0.917715668527456
1177,0.116483646704970,0.439501566191569,0.811998067584327
1181,0,0.580759733377227,1.10362983576770,1.36433284564123
1189,0,0.552612621784904,0.799798009789596
1192,0.142529188104473,0.435334146045226,0.951643875290958
1193,0.388291398446866,0.772947748947068,0.999668047321999
1196,0,0.594939290253685,0.971993700667804
1201,0,0.358308056065356,0.621390555235854
1208,0.340120606542584,0.385031051255648,1.07300725348395
1209,0,0.518906848914498,0.943229590597522
1212,0.272364138267887,0.618050454189846,1.01892812690309,1.25288789132436
1213,0.204444398889918,0.428033615746835,0.902077288609857
1217,0.176494669235440,0.584298922208141,1.18601111866031
1221,0,0.571119640832283,1.11131460298021,1.23151811474974
1228,0.159529738745324,0.581839072286428,1.13491987493831,1.44953088945173
1229,0,0.231253274458232,0.935114889455109
1237,0.300284259456561,0.622103371534865,1.05244851465063,1.43320317647160
1241,0,0.296085695084730,0.679975898642230
1244,0,0.500322090666202,1.06278394169164,1.49690200337556
1249,0,0.540092753725415,0.824995597338836
1253,0.236536523248136,0.657677234604764,1.12319934291940
1256,0,0.400030930278913,1.06580862285746
1257,0.321155946766489,0.444639358938669,0.975643499792700
1261,0,0.385046295264957,0.811647863520470
1272,0.0815256884775437,0.770487081890394,1.13020513255290,1.41840848649655
1273,0.151086396411910,0.566545699041016,1.06771627021658,1.32372210080080
1276,0,0.355315523005072,0.674481938779490
1277,0.0244537105690128,0.769985610015309,1.25766832988184
1281,0,0.558761904490399,0.690993599358247
1288,0.0627767390598569,0.661622378962572,0.942947389652076
1289,0,0.313901838821130,0.772053996059382
1292,0.122336768057292,0.623144021315445,0.971585651254615
1293,0.347326450185632,0.620874148495337,1.07647525014073
1297,0.159420179904565,0.571343238475861,0.790157322204852
1301,0,0.356034680805687,1.25606357931238,1.42401110418228
1304,0,0.512187376253275,0.788530472962932
1308,0.282462313182932,0.775659830322301,0.905758982128882
1309,0,0.378766287287650,0.743582713377021
1313,0.0105796170355182,0.537159791286928,1.09023895378026,1.21134559505137
1317,0.00605531622546738,0.536685473894016,1.05614032390345,1.42736951657777
1321,0,0.443648673414691,0.869017502772228
1324,0,0.0872226862349459,0.910564846430518
1329,0,0.576904597104804,0.957338111778875
1333,0.181260447308474,0.650218882105279,1.09251844540201,1.44578311209482
1336,0,0.561189924694708,0.966198874031169
1337,0.106924183921443,0.545189447682462,1.04757486023149,1.47915537108239
1349,0,0.538917440306564,1.06684385332955
1353,0.0853316345932442,0.572019655127532,0.943460360328775
1356,0,0.519034874455052,0.908685293944744
1357,0.197057841906432,0.790404935991193,0.982934308423626
1361,0,0.632489390275739,0.827257171595828
1373,0.0195471258942105,0.622518188622724,0.901534650662764
1381,0,0.374365819880359,0.826059020653171
1384,0,0.398110806436680,0.911029301351460
1388,0.0875613750561752,0.480044744259206,1.21547430286097,1.34746061147290
1389,0,0.575537150089601,0.957220090839726
1393,0.199753577031297,0.404304048308246,0.883516628667446
1397,0.119173101124254,0.647713735724915,0.908623490295912
1401,0,0.377249321306271,0.792059167726709
1409,0,0.519202446777628,0.703376235873927
1416,0,0.230731727539031,0.978593658982208
1417,0.00160091954809990,0.593081903709427,1.04442812447692,1.26674112249836
1429,0,0.378889719414966,0.728480111936404
1432,0.297935695530297,0.441768161285915,0.746900699509969
1433,0.115547050006514,0.753185402672380,1.21518204396237,1.33673927330257
1436,0,0.401707174789255,0.723705537487766
1437,0.0781740297231860,0.460713207079147,1.05912352428753,1.43832892162469
1441,0,0.194260096959966,0.912036209546909
1448,0.0906386576061201,0.730882839803005,1.25269558251758,1.43677073037088
1453,0.176661339104826,0.525646256013895,0.905105710949160
1457,0.248815905083633,0.636013691447154,0.767473733109814
1461,0,0.347146388157738,1.02606736739961,1.43305877694540
1464,0,0.187478050101754,0.786022871198085
1468,0.343947308682137,0.607579029621676,1.03939827213538,1.33290931802953
1469,0,0.506478806991125,1.03794717938801
1473,0.123193561187656,0.636673158832691,1.12675989619659,1.43909970147407
1477,0.0561169727493206,0.595991382269034,0.911862759579985
1481,0,0.491387159914503,0.771752548329360
1484,0,0.441919622021515,1.05127733341485,1.18490897748899
1489,0,0.449165223788961,0.765325624593226
1493,0.0489727241517630,0.498369289569768,1.01320260656054
1496,0,0.691755601265515,0.950691044157253
1497,0.300173918963696,0.537267596607567,1.10948274208097,1.32632692733206
1501,0,0.479612093788912,0.943773873963740
1509,0,0.431363219797500,0.741735605460481
1513,0.191713091068416,0.356634829019563,0.896220664130111
1516,0,0.392907783669124,0.722735315192768
1517,0.138151352469625,0.753492173986447,1.20161365841545
1528,0.0805556956079322,0.369533167289192,0.884908730394853
1529,0,0.305042532444546,0.990947513870669
1532,0.156595626702212,0.707975968565394,1.20580305501742,1.47897434732169
1533,0.00872696015002392,0.722042370209549,1.03699580729963,1.48970297383470
1537,0.00761303672545417,0.593376247810328,0.662339967977505
1541,0,0.183814451842658,0.903936091506066
1544,0,0.369522717743113,0.766817337883769
1549,0,0.370135007062796,0.819015407025291,0.980005732635473
1553,0.190864530711716,0.843853535765922,0.920967073441358
1561,0,0.237327296104261,0.899959727703136
1564,0,0.535750317540976,0.778342724764084
1569,0,0.141631136527515,0.792200088175403
1576,0,0.459663783454555,0.760895103302472
1577,0.318598494323666,0.507186475204667,0.841965939198008
1581,0,0.588546266597196,0.854583141654715
1589,0,0.450395541512680,0.897717215840317
1592,0.343540288578151,0.718435666637177,1.15179046054539,1.40276272471744
1596,0,0.369175431245422,0.896389171141903
1597,0.0512303696386007,0.300517356090726,0.922225163474455
1601,0,0.349772755610660,0.947399026097788
1608,0.107066940122941,0.830487532340839,1.12257218306389,1.32079868361041
1609,0,0.515130434951369,0.805581812882742
1612,0.0941617031238008,0.538710858193726,0.796216674488888
1613,0.0699397919152325,0.723715543148175,1.24011325888187
1621,0,0.415113872546327,0.737631325558114
1624,0,0.456782392185081,0.764465997447674
1628,0.149987728463254,0.571635004475438,0.916497389028487
1633,0.139146288747682,0.350154821943351,0.887557218078383
1637,0.347853718644294,0.770947388997714,1.07338904126057
1641,0,0.613720913763167,0.836639881667059
1644,0,0.357826373259239,1.09359144405943,1.32786636634053
1649,0,0.448626979700634,0.751651485231134
1653,0.0698838958063212,0.535789165559608,0.847457447518743
1657,0.136766879178330,0.449485956495364,0.963413926616314
1661,0,0.496610926063475,0.760932442338588
1669,0,0.383769749794600,0.920264501329646
1672,0.252087097642726,0.631827393892416,1.04739042678471,1.24593245799098
1673,0.125798350502841,0.589370615298125,1.03108077883833,1.41520157511369
1676,0,0.569156538111207,1.07687618315493,1.16577447849624
1677,0.126924264212704,0.529224239321439,0.967155443016860
1688,0.00797962503036531,0.403108128590369,1.07914514755552,1.46680781780478
1689,0,0.327973169416755,0.824154614145011
1693,0.0458729858758973,0.743668892720727,1.08421303460430,1.26663387027389
1697,0.0694788081834757,0.849875948785457,0.958981247037422
1704,0,0.662920331696796,0.854786186745638
1708,0.198953810886818,0.566184712713995,0.840844071247822
1709,0,0.328621894158134,0.792548316727780
1713,0.187927341540835,0.663377289192260,1.02799766006511,1.35300280749543
1717,0.119472979375347,0.431132386486128,0.881640906064511
1721,0,0.345974892376819,0.924181574053735
1724,0,0.303103499758057,0.840639871105308
1729,0,0.447608734619611,0.783946751971246,0.971023323314008
1733,0.0460264313450651,0.398379767639831,1.07736825354452
1736,0,0.261595051896098,0.874451880028702
1741,0,0.540800745531816,0.857026905830413
1749,0,0.411211363026835,0.962453563072956
1752,0.0324737476837596,0.609388477795375,0.836821347979515
1753,0.248541793241237,0.506450224677526,0.944803304675237
1756,0,0.228697222529739,1.03014536628997,1.30917479189669
1757,0.0395968464773473,0.610710755282669,1.11791433420707
1761,0,0.366177160653321,0.769064947112580
1768,0.211170853703665,0.492087890503583,0.743106767920236
1769,0,0.509961564183946,0.890576723354628
1772,0.151171558990234,0.496554687122353,1.02505033706455,1.38721220067599
1777,0.0342398054402883,0.595974057880008,1.00160233698076,1.26838714144550
1781,0,0.618961791123117,0.927053198688905
1784,0,0.641523453926073,0.888616743698529
1788,0.307141802895753,0.742503283910842,0.984586525523032
1789,0,0.0849401273552334,0.720467816381477
1793,0.0853437499486254,0.361190644768546,1.02562519459138,1.29986777409078
1797,0.275675485643292,0.676455935040281,1.22256643752946,1.31546832507231
1801,0,0.192288474835454,0.698139733960061
1804,0,0.495675129251327,0.899101122279210
1816,0,0.433520865537943,0.800711572815930
1817,0.0796505803054185,0.486632090794372,0.889199826732293
1821,0,0.340205795676640,0.669083044515550
1829,0,0.451959630319586,0.792647669468310
1832,0.181798551186566,0.788748514553121,1.13789488422966,1.35719549150707
1833,0.0224699655858330,0.627043994161484,1.04349447041907,1.34848981219097
1837,0.157434499062914,0.722067971396737,0.927697407119019
1841,0,0.314206018160406,0.904250419371180
